simpleImputer('mean');robustScaler(True,True);adaBoost(decisionTree('absolute_error',3,18,0.2962464632651445,17),36,0.4035679858098465,'SAMME')
Fitness: 26.27860766744766
Prediction: [  8.85    2.17    2.01   19.04    6.3     1.19    6.36    2.02    3.33
   4.41   14.57    4.41    2.21    1.19    3.33    5.8     1.75    2.01
   1.76    5.8     5.39    2.01    2.405   2.01    2.01    6.36    3.33
   2.405  95.18    2.64    3.33    6.54    2.01    5.39    2.01    5.8
   2.405  15.34    1.76    2.17    2.405   3.33    2.01    2.02    6.36
   2.01    6.3     2.74    6.3     1.94    1.94    2.64  154.88    9.615
   1.19   14.57    3.33    2.02    7.21    2.      6.36    7.21    1.94
   2.405  15.34   15.34    2.01    3.71    3.71    8.755   3.32    3.71
   6.3     3.33   14.57   95.18    4.41    3.33    1.75    6.36    3.33
   6.54    1.19    0.75    2.405   9.96    6.44    2.74    1.57    1.94
   1.94    2.01    3.33    2.02    1.76    2.02    2.02    5.125   2.405
   4.685   2.      1.94    1.76    6.3     2.64    5.39    3.33    2.02
   4.41    1.75    5.55    3.33    1.76    3.33    2.01    2.405   5.39
   6.3     2.01    2.17    2.64    1.045   1.76    1.835   6.54    2.17
   1.75    3.93    1.75    4.41    2.405   2.01    9.615   3.33    2.07
   1.75    1.75    2.405   4.41    1.75    2.69    2.02    1.94    1.36
   2.01    3.33    3.33    1.045   2.01    6.36    3.33    2.01   18.3
   2.01    4.685 154.88    2.74    2.01    8.755   2.69    3.33    1.19
   4.41   13.7     2.02    1.76    1.36    2.69   33.25    2.77    2.21
   5.8     6.54    1.75    5.39    2.02    2.01    2.01    1.36    2.01
   1.19    2.74    6.3    16.38    2.64    2.07    5.39    6.3     5.55
   1.045   5.39    1.94    2.01    3.33    6.44    1.75    5.55  278.53
   1.94    6.54    6.44    5.39    3.71    2.21    1.19    6.3     2.64
   5.39    2.405   1.94    2.64    6.36    1.36    6.44    4.41    2.405
   2.405   1.36    2.57    1.75    3.33    2.64    1.94    2.07   18.3
   1.75    5.125   4.41    6.36    2.02    5.55    6.36    2.01    3.32
  14.57    6.36    5.39    2.17    6.44    1.94    2.74    2.17    8.
   2.02    2.74    5.8     2.      1.76    2.64   14.57    6.3     4.41
   2.57    1.94    2.405   2.01    2.69    1.94    5.39    2.01   14.57
   1.76    2.07    2.405   2.77    6.3     3.33    1.75    2.64    2.01
   1.36    1.75    2.405   2.64    3.33    1.75    2.07    4.685   8.85
   2.64    1.19    6.36    1.19    5.125   8.85    3.33    6.3     5.125
   8.16    1.94    1.76    2.64    8.16    1.75    2.      2.69    4.41
   1.19    1.75    2.17    1.75    6.3     8.85    3.33    2.405   1.75
   4.41    2.405   1.36   10.08    8.      6.36    1.75    5.8     2.64
   2.17    2.07    1.75    2.02    1.94    3.32    2.01    5.39    2.77
   6.54    3.71    5.39   18.3     1.76    2.64    4.41    1.75    8.85
   2.21    6.3     3.33    3.33   14.57    4.41    5.39    3.33    1.76
   2.77    1.045   2.64    2.405   3.33 ]
