simpleImputer('mean');robustScaler(False,True);mlpRegressor((91, 10),0.04770888361444776,0.7876292856024367,'lbfgs','logistic')
Fitness: 0.19540795640181227
Prediction: [-7.97875855e-01  7.50597844e-01  2.86059288e-01  1.48748710e+00
 -1.56417761e+00  1.44922589e+00 -1.07318821e+00  9.61488449e-01
 -1.52783727e+00 -1.76980578e+00 -1.89462936e+00 -3.70327398e-01
  7.27635471e-01 -6.97027820e-02  8.55900741e-01  1.53794233e+00
 -1.99122720e+00 -3.37916246e-01  1.25728514e+00 -9.27948025e-01
  5.88523109e-01  9.37767666e-01  1.56527459e+00 -9.98955695e-01
  1.10109281e+00  4.97926234e-01  1.16150549e+00  1.67617815e-01
 -7.13231234e-01  8.85710952e-01  1.33205244e+00  2.84901973e-01
 -2.45507282e-01 -4.76143943e-01  6.17468910e-01  2.41682317e-02
 -2.15251463e-01 -8.63547601e-02  3.91871935e-01  3.11281645e-01
 -6.17322971e-01  3.72771828e-01 -5.56998046e-02 -1.03630307e+00
 -1.76564375e-01 -1.69229211e+00 -1.44853329e+00 -1.31026505e+00
  7.33348015e-01  7.18786317e-01  1.05950564e+00  6.95611129e-01
  4.39593001e-01  1.51201645e+00  9.41236134e-01  1.38900695e+00
  1.05693310e+00 -5.52635994e-01 -3.87734077e-01 -1.11543643e-01
  7.54773975e-01 -5.70205535e-02 -1.13126582e+00 -7.71850712e-01
 -2.78449805e-01  8.57830658e-01  6.93242970e-01 -1.31631020e+00
 -6.81094313e-01  7.05847306e-01  1.87268430e+00  7.75846398e-01
  2.67174426e-01 -9.29551714e-02 -1.04509171e+00  1.51672584e-01
 -1.07769062e+00  7.46750515e-01 -9.41530225e-01  6.93412632e-01
  1.21977599e+00 -1.44259760e+00  3.07423309e-01 -4.45076461e-01
 -5.68150574e-01 -7.30550867e-01  1.51194539e+00 -3.46844221e-02
  3.71066787e-01  5.07223173e-01 -1.20425482e+00  4.49474674e-02
  1.53579446e+00  1.32678890e+00  2.31044880e-01  1.11972033e-01
 -2.18914729e+00 -2.34984287e-01 -1.47916201e+00  1.57775074e+00
  9.03939751e-01  9.88454117e-01  4.13447287e-01 -1.37433265e+00
  3.44942784e-01  1.20420941e+00  1.49238091e-02  5.35005175e-01
  1.45520005e+00 -1.40308352e-01  7.59035955e-01 -1.28499836e+00
 -2.13307668e+00  7.65216042e-02  9.56204011e-02 -9.00838948e-01
  1.01118112e+00  9.25891898e-01  5.30258006e-01 -1.15669505e+00
  1.13190217e+00 -1.40566024e+00 -8.17835602e-01  9.49808783e-02
  1.05587303e+00  1.47539304e+00 -1.06995420e+00  5.28680033e-01
  2.57347591e-01 -2.28033945e+00  2.77054932e-01  1.69094585e-01
 -6.84862751e-01 -2.87722716e-01 -2.90447487e-01 -5.40894836e-01
  1.76503076e+00 -6.40752172e-01 -1.17505191e+00 -6.96268949e-01
 -8.23914347e-02  1.53673648e+00 -1.03155963e+00  2.01583967e-01
  9.06784892e-01  1.63527916e+00  1.81456965e+00 -1.12999970e+00
 -1.94070374e+00  7.70634269e-01  6.04752960e-01  6.51979731e-02
 -6.37918959e-01 -1.27986512e-01  1.13490221e+00  1.74989628e-01
 -7.54374754e-01  2.28149372e-01  5.16367894e-01  4.20191614e-02
  1.66304672e-02 -1.66165423e-01  3.36638844e-01  9.11151310e-01
  1.42148103e+00  7.50332617e-01  1.01671608e+00  1.94939273e+00
 -1.74924305e+00 -1.37997458e-01 -1.74260173e+00 -1.80674404e+00
 -3.14829963e-01  1.45490596e-01 -5.53569229e-01 -7.70472617e-01
 -9.10525877e-01  9.80205888e-02  1.36114611e+00 -9.06660761e-01
  7.33265147e-01  8.68361935e-01 -4.14528166e-01  1.68288626e+00
  6.35787004e-01  1.96761425e-02  1.08298903e+00 -1.61219606e-03
 -5.23352636e-01  9.87142245e-01 -5.51162403e-01  7.87572971e-01
  7.50115360e-01 -5.83001525e-01 -4.52699031e-01 -1.45497445e+00
 -5.30470431e-01  1.27213415e+00  1.37387181e+00 -8.51444566e-01
  1.11041233e+00  1.23564769e+00  5.12663739e-01 -1.06772304e+00
  5.71771299e-01 -1.19866935e+00  6.21290541e-01 -1.58003536e+00
  4.10712492e-02 -8.71587017e-03 -1.59254917e+00  3.86490783e-01
  5.33605598e-01  1.04651977e+00 -2.03516597e+00 -1.17315477e+00
  4.54350836e-01 -6.09055050e-01 -7.41177686e-01 -6.33740969e-01
 -1.50402108e+00  1.40727962e+00  5.49925730e-01  8.59413190e-01
  7.58936930e-01  5.05318747e-01 -1.50006602e+00  8.48485118e-01
  7.28183086e-01  1.12536596e+00 -1.10467745e+00 -7.59566514e-01
  9.41069292e-01 -5.33771098e-02  8.70117531e-01  7.72638006e-01
 -8.36713553e-01 -1.13538336e+00 -1.54996605e-02 -3.15660100e-01
  9.09080827e-01 -5.77761334e-01 -1.43418570e-01  7.17351239e-01
  2.18941539e-01 -1.79055834e+00  2.29248171e+00  6.10147683e-01
 -1.18587906e+00 -1.40423339e+00 -5.19608213e-01 -4.97440846e-01
 -7.14277582e-01  1.23090151e+00  8.24125506e-01  1.16448071e+00
  1.43869636e-01 -4.44985824e-01  7.52602106e-01 -1.47762318e+00
 -9.30267155e-01 -1.20974829e+00 -1.32805202e+00 -5.64399251e-01
  1.10758079e+00 -1.02722027e+00 -4.02699503e-01  1.81999189e+00
 -1.69786248e+00 -1.74692985e+00  1.42989292e-01  1.68131470e-01
 -4.23939538e-01 -3.65913812e-01 -1.01946372e+00 -9.85040157e-02
  7.10371701e-01 -3.85687914e-01 -1.72813863e-01  3.44974358e-01
  1.44199879e+00  7.28266664e-01  4.37592116e-01  3.03298461e-01
  9.49846477e-01  8.73729525e-02  1.22278086e+00  2.85484601e-01
 -2.41152794e-01 -2.23142174e-01  1.38859248e-02 -1.54970666e+00
 -4.84202048e-01 -1.07543272e+00  2.34928749e-01 -7.00740075e-01
 -7.10838403e-01 -1.62413926e+00  1.23662868e+00 -1.89300957e+00
  4.94847202e-02 -3.08183853e-01 -6.81536209e-01 -1.85878349e+00
 -1.20471968e-01 -2.97586372e-01 -2.04702796e-01  1.51795036e-01
  2.18443329e-02  8.72569510e-01 -3.30692777e-01 -1.38961168e+00
 -2.30366854e-01 -6.49302377e-01 -5.48460603e-01 -8.20377495e-01
  9.11179309e-01  8.03155162e-01  4.54178359e-01 -3.62547153e-01
  1.30167940e-01  4.42491446e-01 -1.17815739e+00 -1.37448090e+00
  1.03880345e+00  8.36206852e-02  1.56699705e+00  2.22722129e-01
 -1.91201009e+00 -4.38311031e-01 -8.91639228e-01  3.36993916e-01
  1.53071998e+00  1.31912174e+00 -9.65127072e-01]
