[1/5] ⚙️  Configuration
    - Generations: 200, Population Size: 200
    - Elite Size: 20, Timeout: 3600s
    - Fitness Function: root_mean_squared_error, Maximization: False
    - Output Directory: /hhome/bpicot25/autoML_uco/evoflow-dev-main/pipegenie/metalearning/temp_results/task_360000
    - Random Seed: 42
--- PipeGenie Run Started ---
🕒 Start Time: 2025-07-12 13:13:45
[2/5] 🌱 Initializing evolutionary process...
                                       fitness                                            size                                        fitness_elite                                      size_elite              
                 ----------------------------------------------------    --------------------------------------    ----------------------------------------------------    --------------------------------------
gen    nevals    min           max           avg           std           min    max    avg           std           min           max           avg           std           min    max    avg           std       
0      200       0.3681        1.0294        0.59681       0.17894       3      3      3             0             0.3681        0.40901       0.39455       0.01136       3      3      3             0         
1      164       0.3681        1.3856        0.52798       0.17299       3      3      3             0             0.3681        0.39386       0.38382       0.008376      3      3      3             0         
2      162       0.28828       1.016         0.45666       0.11468       3      3      3             0             0.28828       0.38326       0.37324       0.020114      3      3      3             0         
3      166       0.28828       0.83513       0.42273       0.081013      3      3      3             0             0.28828       0.37819       0.36852       0.018985      3      3      3             0         
4      166       0.28828       0.83312       0.40746       0.059253      3      3      3             0             0.28828       0.3749        0.36593       0.018089      3      3      3             0         
5      152       0.2862        0.83513       0.4028        0.067212      3      3      3             0             0.2862        0.37009       0.35964       0.024181      3      3      3             0         
6      161       0.2862        0.5974        0.38862       0.040403      3      3      3             0             0.2862        0.3681        0.355         0.026767      3      3      3             0         
7      147       0.2862        0.83513       0.38932       0.064206      3      3      3             0             0.2862        0.36746       0.34879       0.030071      3      3      3             0         
8      147       0.2862        0.79753       0.38346       0.061748      3      3      3             0             0.2862        0.36562       0.34059       0.034284      3      3      3             0         
9      141       0.28287       0.46634       0.36398       0.028864      3      3      3             0             0.28287       0.36442       0.33434       0.03481       3      3      3             0         
10     149       0.28287       2.181e+08     1.0905e+06    1.5384e+07    3      3      3             0             0.28287       0.36324       0.32529       0.033094      3      3      3             0         
11     149       0.24411       0.99157       0.35305       0.086416      3      3      3             0             0.24411       0.32006       0.28296       0.016924      3      3      3             0         
12     134       0.23823       0.83513       0.33016       0.066137      3      3      3             0             0.23823       0.28287       0.26865       0.013033      3      3      3             0         
13     126       0.23823       0.83513       0.31091       0.073237      3      3      3             0             0.23823       0.27679       0.26136       0.012857      3      3      3             0         
14     151       0.23617       0.87857       0.30868       0.096433      3      3      3             0             0.23617       0.26602       0.25103       0.010065      3      3      3             0         
15     131       0.23457       0.83943       0.28964       0.05268       3      3      3             0             0.23457       0.26105       0.24546       0.0073892     3      3      3             0         
16     154       0.22261       0.87231       0.28749       0.072856      3      3      3             0             0.22261       0.24411       0.23728       0.0063084     3      3      3             0         
17     170       0.22261       0.98286       0.27916       0.081448      3      3      3             0             0.22261       0.23823       0.23205       0.0053484     3      3      3             0         
18     152       0.21939       1.0095        0.27833       0.11491       3      3      3             0             0.21939       0.23153       0.22636       0.0033784     3      3      3             0         
19     152       0.21375       0.97998       0.25761       0.077631      3      3      3             0             0.21375       0.22678       0.22289       0.0030211     3      3      3             0         
20     150       0.21375       0.83513       0.24958       0.077762      3      3      3             0             0.21375       0.22379       0.21978       0.0031362     3      3      3             0         
21     163       0.21375       0.38268       0.23571       0.021003      3      3      3             0             0.21375       0.21994       0.21678       0.0020231     3      3      3             0         
22     155       0.21319       0.30687       0.22954       0.013036      3      3      3             0             0.21319       0.216         0.2148        0.00090568    3      3      3             0         
23     148       0.21319       0.83508       0.23871       0.077779      3      3      3             0             0.21319       0.2156        0.21421       0.00068706    3      3      3             0         
24     157       0.20888       1.3775        0.24768       0.13533       3      3      3             0             0.20888       0.21444       0.21321       0.001313      3      3      3             0         
25     134       0.20888       4.4804        0.26119       0.3217        3      3      3             0             0.20888       0.21375       0.21214       0.0018515     3      3      3             0         
26     140       0.19541       0.98009       0.2237        0.060667      3      3      3             0             0.19541       0.21319       0.20981       0.0042386     3      3      3             0         
Timeout of 3600s reached. Stopping evolution.
[3/5] ✅ Evolution finished.
    - Saving run results to meta-knowledge base...
[4/5] 👑 Generating and evaluating final ensemble...
    - Ensemble models and weights saved to `ensemble.txt`.
[5/5] ✨ PipeGenie run complete.
🕒 End Time: 2025-07-12 14:15:10
⏱️ Total Elapsed Time: 1:01:25.153198
--- End of Run ---
