                                       fitness                                            size                                        fitness_elite                                      size_elite              
                 ----------------------------------------------------    --------------------------------------    ----------------------------------------------------    --------------------------------------
gen    nevals    min           max           avg           std           min    max    avg           std           min           max           avg           std           min    max    avg           std       
0      200       0.45167       0.8591        0.63031       0.12939       1      6      2.8           1.3528        0.79202       0.8591        0.81923       0.022008      1      4      1.85          0.90967   
1      175       0.45804       0.8591        0.67885       0.12665       1      6      2.615         1.3626        0.79345       0.8591        0.82776       0.019394      1      3      1.95          0.80467   
2      169       0.48958       0.86245       0.70985       0.1199        1      6      2.5051        1.3571        0.81596       0.86245       0.84421       0.012454      1      3      1.8           0.8124    
3      173       0.48958       0.86245       0.73847       0.11478       1      6      2.4359        1.3549        0.83082       0.86245       0.85036       0.0072014     1      3      1.65          0.85294   
4      163       0.49792       0.8812        0.77078       0.10565       1      6      2.2615        1.3002        0.84799       0.8812        0.85635       0.0073763     1      3      1.85          0.96307   
5      155       0.5           0.8812        0.7965        0.082246      1      5      2.1865        1.1856        0.83614       0.8812        0.85744       0.0082377     1      3      1.85          0.96307   
6      152       0.5           0.8812        0.82167       0.061251      1      5      2.1295        1.1646        0.85003       0.8812        0.86026       0.0069256     1      3      2.25          0.94207   
7      146       0.5           0.8812        0.83307       0.047602      1      5      2.1347        1.1209        0.85044       0.8812        0.86379       0.0072298     1      4      2.5           0.92195   
8      154       0.5           0.89134       0.83739       0.039604      1      5      2.1606        1.2131        0.85044       0.89134       0.86902       0.0082988     1      4      2.6           0.86023   
9      143       0.5           0.89134       0.83808       0.046634      1      5      2.1865        1.0804        0.85044       0.89134       0.87096       0.0084486     1      3      2.45          0.86458   
10     162       0.5           0.89134       0.83903       0.046005      1      5      2.3057        1.1174        0.85044       0.89134       0.87204       0.0085633     1      4      2.65          1.0137    
11     151       0.5           0.89967       0.84041       0.040882      1      5      2.3316        1.1169        0.86832       0.89967       0.87745       0.0082999     1      4      2.6           0.96954   
12     138       0.5           0.89967       0.8391        0.053109      1      5      2.3679        1.089         0.86832       0.89967       0.87873       0.0085597     1      4      2.7           0.9       
13     132       0.59245       0.89967       0.84769       0.033035      1      4      2.4368        1.0072        0.86832       0.89967       0.87993       0.0087031     1      4      2.75          0.94207   
14     130       0.5           0.89967       0.85307       0.033856      1      4      2.4737        1.0295        0.86956       0.89967       0.88378       0.00813       1      4      2.95          0.9206    
15     119       0.54827       0.89967       0.85309       0.035203      1      4      2.4599        1.0456        0.87442       0.89967       0.88613       0.0072999     1      4      2.95          0.9206    
16     117       0.78113       0.89967       0.85829       0.020506      1      4      2.4324        1.0791        0.87442       0.89967       0.88669       0.0070385     1      4      3.1           0.83066   
17     130       0.67546       0.89967       0.85697       0.027758      1      4      2.4216        1.1273        0.87442       0.89967       0.89195       0.0059651     1      4      3.15          0.85294   
18     121       0.78018       0.90175       0.86312       0.02361       1      4      2.6011        1.1159        0.87442       0.90175       0.89395       0.0060261     1      4      3.4           0.73485   
19     122       0.7675        0.90175       0.86739       0.024675      1      4      2.8011        1.1145        0.88225       0.90175       0.89475       0.0049016     1      4      3.25          0.88741   
20     112       0.83217       0.90175       0.87657       0.018307      1      4      3.0894        0.94712       0.88225       0.90175       0.89615       0.0051309     1      4      3.4           0.91652   
21     115       0.64157       0.90624       0.88244       0.030684      1      5      3.3708        0.74021       0.88225       0.90624       0.89735       0.0048441     1      4      3.5           0.74162   
--- 3602.784062385559 sec ---
