                                       fitness                                            size                                        fitness_elite                                      size_elite              
                 ----------------------------------------------------    --------------------------------------    ----------------------------------------------------    --------------------------------------
gen    nevals    min           max           avg           std           min    max    avg           std           min           max           avg           std           min    max    avg           std       
0      200       0.4638        0.78182       0.61378       0.10423       1      6      2.77          1.318         0.74491       0.78182       0.76236       0.011506      1      5      2.3           1.3454    
1      175       0.46779       0.78182       0.64783       0.10089       1      6      2.8392        1.2418        0.7468        0.78182       0.7661        0.010515      1      4      2.4           1.0677    
2      171       0.47934       0.78182       0.68912       0.088679      1      6      2.8141        1.2524        0.75225       0.78182       0.76932       0.0085543     1      5      2.25          1.0428    
3      175       0.4996        0.78182       0.70677       0.082502      1      6      2.736         1.1885        0.75225       0.78182       0.77041       0.0092258     1      5      2.25          1.1347    
4      177       0.4996        0.78562       0.7225        0.0766        1      6      2.8061        1.2219        0.75819       0.78562       0.77509       0.0081435     1      4      2.25          1.0428    
5      163       0.49186       0.78968       0.73501       0.065515      1      6      2.6186        1.2718        0.75245       0.78968       0.77726       0.0092665     1      4      2.15          0.96307   
6      169       0.3869        0.78968       0.73952       0.071249      1      6      2.4255        1.2376        0.75819       0.78968       0.7798        0.0069465     1      4      2.2           0.9798    
--- 3601.1132938861847 sec ---
