                                       fitness                                            size                                        fitness_elite                                      size_elite              
                 ----------------------------------------------------    --------------------------------------    ----------------------------------------------------    --------------------------------------
gen    nevals    min           max           avg           std           min    max    avg           std           min           max           avg           std           min    max    avg           std       
0      200       0.41721       0.79431       0.60824       0.11357       1      6      2.885         1.3045        0.75308       0.79431       0.7754        0.011725      1      4      2.5           1.1619    
1      175       0.47913       0.79431       0.63717       0.10628       1      6      2.72          1.2131        0.73903       0.79431       0.77535       0.012947      1      4      2.3           1.005     
2      189       0.47913       0.79431       0.6791        0.10072       1      6      2.695         1.2657        0.76196       0.79431       0.77907       0.010048      1      4      2.45          1.0235    
3      175       0.48454       0.79962       0.70483       0.1005        1      6      2.8071        1.2995        0.76196       0.79962       0.7841        0.0099695     1      4      2.35          0.96307   
4      175       0.49821       0.79962       0.72245       0.090606      1      5      2.7077        1.2656        0.768         0.79962       0.78651       0.0099593     1      4      2.45          0.9206    
5      170       0.5           0.79962       0.74365       0.06973       1      5      2.5907        1.2187        0.77188       0.79962       0.79169       0.0075346     1      3      2.3           0.78102   
6      165       0.49884       0.79962       0.75444       0.054537      1      5      2.5344        1.2746        0.77188       0.79962       0.79302       0.0077332     1      3      2.35          0.79215   
7      166       0.66723       0.80228       0.77382       0.029647      1      6      2.6243        1.2896        0.77188       0.80228       0.79326       0.0079381     1      3      2.25          0.82916   
--- 3656.962584257126 sec ---
