fastICA(17,'deflation','arbitrary-variance','logcosh');extraTreesClassifier(68,'gini','sqrt',4,17,False,'balanced_subsample')
Fitness: 0.8032166881351082
Prediction: [0 1 0 1 1 0 0 0 0 1 0 1 0 0 0 0 0 0 0 1 0 0 0 0 0 0 0 0 1 0 1 0 0 0 0 1 0
 0 0 0 0 0 1 1 1 0 0 0 1 0 1 1 0 1 0 1 0 1 1 0 0 1 0 0 0 0 0 0 0 0 1 0 1 0
 0 0 0 0 0 0 0 0 0 0 1 1 0 0 0 0 1 1 0 1 1 1 0 1 0 1 0 0 0 0 1 0 0 0 0 0 0
 0 1 1 0 0 0 1 1 1 0 1 0 1 0 1 0 0 0 0 0 0 0 0 0 0 0 0 0 0 1 0 0 0 1 0 0 0
 0 0 1 1 0 0 1 1 0 0 1 1 1 1 0 0 0 0 0 0 0 0 0 1 1 0 1 0 0 0 0 0 0 1 1 0 0
 0 0 0 1 0 0 0 0 1 1 0 0 1 0 1 1 1 1 0 0 0 1 0 0 0 0 0 1 0 0 0 0 0 1 0 0 0
 1 0 0 0 0 0 0 1 0 0 1 0 0 0 0 1 0 0 1 1 1 0 0 0 0 0 0 0 0 1 0 1 0 0 0 0 0
 0 0 0 0 1 1 0 0 0 0 0 0 0 0 1 0 0 0 0 0 0 0 0 0 1 1 0 0 0 0 1 0 0 1 0 0 0
 0 0 0 1 0 0 0 0 1 0 1 0 1 0 1 0 0 1 0 1 0 0 0 0 0 0 1 0 1 0 0 1 1 1 0 0 0
 1 0 0 0 0 0 0 0 0 1 1 1 1 0 0 0 1 1 1 1 0 1 0 0 1 0 0 0 1 0 0 0 0 0 1 0 0
 1 0 1 1 0 0 0 1 1 0 0 1 1 0 1 1 0 1 0 0 0 0 0 0 0 0 0 1 0 0 1 0 1 0 0 0 0
 1 1 1 1 1 0 0 0 0 1 0 1 0 1 0 1 1 0 0 0 0 1 1 0 0 0 0 0 0 0 0 0 0 0 0 0 0
 0 0 0 0 0 0 1 0 0 1 0 0 1 0 1 0 0 0 0 0 1 0 0 1 1 0 0 0 0 1 0 0 0 1 1 0 0
 0 0 1 0 1 0 0 0 0 0 0 0 0 0 0 0 0 0 0 0 0 0 0 0 1 1 0 0 0 0 0 0 1 0 0 0 0
 0 1 0 0 0 0 0 1 0 0 0 0 0 0 0 0 0 0 1 0 0 1 0 0 1 0 0 0 0 0 0 0 0 1 0 1 0
 1 0 0 1 0 0 0 0 0 1 0 1 0 1 0 0 1 0 0 0 0 0 0 1 1 0 0 0 0 0 0 0 0 1 0 1 0
 0 0 0 1 0 0 0 0 1 0 0 1 1 0 1 0 1 0 0 0 0 0 0 0 0 0 0 0 1 0 1 0 1 0 0 0 0
 1 0 0 0 0 0 0 0 0 0 0 0 0 0 1 0 0 1 1 1 0 0 0 0 0 0 0 0 1 0 0 1 0 0 0 0 0
 1 0 1 1 0 0 0 0 0 1 0 0 0 0 0 1 1 0 1 0 0 0 0 0 0 1 0 0 0 0 1 0 0 0 0 0 1
 0 1 0 0 0 0 0 0 1]
