simpleImputer('most_frequent');robustScaler(False,False);adaBoost(decisionTree('absolute_error',13,11,0.360360594886009,3),77,1.1611890790019,'SAMME.R')
Fitness: 3.2561096884695124
Prediction: [ 6.91  28.28   7.79  10.53  18.03  10.545 13.04  21.14  11.98  27.71
 22.74  34.02   7.7   12.93   4.5   14.79  17.92   6.74  20.32   9.34
 10.21   5.29  12.64   7.26  19.15  26.42  17.6    8.39   7.83   7.01
  6.135  7.56   4.59  15.76   5.32   3.76  12.005  6.58  26.77  16.22
 12.64   4.705 23.6    5.21   5.25   7.79   4.59   3.26  23.98   4.59
  6.86  22.74   4.74  29.825 21.22   4.08   6.86  11.29  17.055 25.41
 15.1    5.1   17.1   13.98   4.855  4.76   9.14   7.79  34.77   8.88
  5.68   5.21  14.44  25.68  10.45  14.66  10.24   8.955 16.42  15.71
 13.27  10.53  11.39   4.5    4.67  23.34   4.785  4.59  12.43   9.52
 13.04  23.24  23.34  15.79   8.79  17.6   12.6    7.225 14.    14.36
 11.48   6.58  36.98   9.485 12.13  27.31  14.    12.835 10.305  4.74
 18.03   9.04   5.29  12.785 17.19  16.74  30.81  13.     6.36   6.86
 26.4   26.77  12.03  20.33  13.59  18.46  23.885  6.78  12.005  9.7
 14.44  21.45   6.42   7.825 22.6   12.335  4.5   12.03   9.81   6.93
 25.79  30.59  30.62  17.92  18.07   5.21  14.9   16.47   9.88   8.33
 13.11  12.005 18.05   4.82   9.97  17.16   4.135 12.64  12.86   6.58
  6.58   6.58  14.37   6.86  10.45  17.15   6.135  6.135  5.68  12.03
 14.1   18.09   8.77   6.86  10.24   5.57   7.485 18.07  13.04  17.395
 22.6    7.79   6.47   4.85   6.12  10.53  12.13  15.02   6.955 14.37
  6.78  10.74  20.34  12.005 12.03  11.28  17.93   5.81   7.88  13.44
  4.67  17.15  13.04   7.44  10.5    9.29   9.88  13.98  16.47  14.37
 23.925 11.865  6.58   7.44  15.02   7.56  16.25  17.125 22.74   5.68
 13.44  26.42   7.83  10.24  14.44   7.22   4.59   4.76  10.45  12.64
 14.33   9.04  14.9   12.5    9.595 18.34  30.39   5.21   9.53   7.88
 14.    12.03   7.7   12.13   4.76  10.42  16.74  18.06  15.37  19.15
 19.78  10.87   6.86   6.86  23.24  13.04   9.14  18.03   4.74  18.53
 37.97   7.7   19.845  8.77   5.68  17.055 12.73  10.165  3.76  14.37
 13.28   6.88   5.29   8.88  11.66  25.41   4.76  12.43   9.1   21.46
 16.03  12.26   7.7   12.03  29.68   5.39  10.26  12.865 12.085 10.53
  7.915 12.01  17.88   5.225 10.5   34.37   8.39  23.24   7.79  29.55
 29.97  23.34  18.03  11.5   10.37  10.11  14.515 26.45   3.7   14.37
 20.08  17.16  21.22  29.68   7.77  10.53  16.42   7.715  6.665 10.78
  4.82   6.43  17.93   5.68   5.32   9.485  3.935  5.34   9.1   20.85
 15.39  16.03   7.56  18.35   6.48  18.05   6.58  23.79   9.93  10.45 ]
