mlpRegressor((62, 18),0.04856171507892712,0.08504291026680227,'adam','identity')
Fitness: 52.129059162029215
Prediction: [ 74.98565142  91.89854347 192.27650674 120.31870801 112.70316075
 248.57774585 212.68824839 124.31583838 114.98952977  66.78375262
  34.07098264 140.62950427 149.6729569  272.84874782  90.60448479
  77.16237092 176.69079907  90.03630176 118.02545401 188.68258841
 137.48846865  75.85698218 259.25832829 133.1220323   75.76779009
 160.53664674 176.25233879 112.58550389  79.27722459 290.96850562
 235.29749296 260.1499143  258.20212489 223.91283247 128.27284697
 115.0078792  164.90775626 131.67146952 173.17119537 159.63799448
  81.69605518 157.63932977 166.46333523  83.45030808 179.66846842
 116.69150569  66.85096637  82.0768451  178.04516276 141.69145975
  94.7122236  116.21075783  74.81890169  95.4124309  167.71707438
  99.17807443 110.53783305 210.74441785 144.52132327 212.36669956
 164.79156638 166.63116223 158.56475906 207.34626157 102.35639356
 145.49968992 185.68515722  61.90241111  48.91911272 182.75018869
 282.81294497 153.78576211 224.48025112  69.2012011  136.43336424
 143.23979446  81.91905491 267.927855   106.97882243 252.64425349
 123.76007507 165.23737798 146.96659921 202.57235512 136.4480053
  59.26011155 162.21867946 113.7756839  208.12221763 231.8579007
 252.33894281 124.74304125  99.79423427 215.10122239  84.4227016
  96.37820289  87.50317434  84.42898744 141.51952363 158.45108965
  84.13102529 116.77974899 163.21161797 269.83522606 169.32743422
 152.55235309 157.86112843 193.31364848 168.07191869 154.16353612
 136.87052319 220.87444191 210.86296764 111.06162358 120.77775747
 122.52118655 196.6398096   58.72205879 150.29597063 205.90851713
  54.81741723 132.83548512  44.26869486 179.33206213 169.44167833
 148.47219009 116.64715002 256.18470384  60.05414812  93.81341799
 135.39433348 118.90274337 141.41360857 200.04625923 120.48968368
  85.20813053 223.65051216 182.84708307 214.13292534  88.54355801
 175.18780444 110.45796878  69.53229374 129.90003072  95.15304367
 175.02416455 207.99708655 140.91027872 185.97021544 237.64880099
 203.37081909 186.44050109 154.47905573 152.91338758  93.65529277
 207.20054068 306.07679063  72.40191705 159.26476283 187.79748495
 127.44083013 157.14800301  67.15856924 238.29666233  83.17978188
 158.24717497 273.88394582 180.64682322 112.49947181 154.16553611
 219.95340955  50.87195383 153.90440779 167.37812322 112.1833736
  86.06246838 180.61727753 156.36938359 202.12572297 202.40832003
 242.01362146 101.60540508 146.0314946  138.80544524 164.53260912
 187.12606096 190.47687836 131.86373683 173.52062232 154.98770847
 174.24863101  94.30038271 111.54081921 183.12682145 118.4810719
  67.094446   214.35505768 185.15963229 194.97772333  86.53285752
 156.76087461 191.15000827 258.79613557 169.10751995 182.64924897
 164.33441063 165.44443563  91.55761001 173.83218459 184.77225506
  72.55618199 140.686783   145.04394495 207.19607828 138.71326933
 138.81836549 103.27420237  72.66249226 139.3291366  162.75403515
 109.13511064 104.32374262 128.98835883  99.41535879 110.67399586
 185.47311825 191.59177437 173.822367   124.7247427  133.05233173
  91.63810089 194.05828975 120.81260147 160.42561759  82.18890439
 289.8965179  155.44678286 116.14313892 159.29763323 152.76910629
 120.43549308 142.38889514  76.1724231  180.2408279  166.6241279
  84.94830346  49.82404267 109.14502623 136.89796593  77.24831704
 233.02673574 206.94720785 256.42496908 126.04538466 191.61908799
 107.55744081  91.4405326  134.83626653 115.33321467 153.98261106
 112.10822955 150.76569046 228.06072474  58.28880777 223.12796853
  64.47366213  57.50387522  84.77041258 168.63396497 131.01001193
 115.46503879 145.88266234 240.74271713 221.17519721 161.48692782
 105.2423391   50.24913726  72.48269616  94.76123799 132.14961039
  87.58237242 153.3209039  158.75742291 152.78439721 128.62442815
  94.52527514 169.34343994 183.19842452 100.22486083 166.9142427
 167.19467693 164.13771353  98.00578157 224.24773829 120.54470297
 166.48788057 131.06935782  47.83537159 121.81234209 231.81496682
 197.34982281 185.04401468  61.18244818 129.52305409 164.61202521
  58.03194684 180.32213832 204.97509007 225.98414854  69.18795737
 238.46700493 104.65964645 203.01781189 213.96109649 117.85737584
  76.86780169 203.99404621  73.63774278 116.23650324 101.66235442
  97.07379371 207.7720419  246.06796286 290.60328148 111.32500402
 235.45228565 169.92103166 194.24414416 159.76393439 203.29358511
 142.45274213]
