0: Pipeline(
	0: MLPRegressor(activation='identity', alpha=0.04856171507892712,
             hidden_layer_sizes=(62, 18),
             learning_rate_init=0.08504291026680227, random_state=9)
) -> Fitness: 52.129059162029215

1: Pipeline(
	0: SimpleImputer(strategy='median')
	1: MaxAbsScaler()
	2: MLPRegressor(activation='identity', alpha=0.0015751929701701335,
             hidden_layer_sizes=(97, 7), learning_rate_init=0.19279112703175058,
             random_state=9, solver='lbfgs')
) -> Fitness: 52.395410645595994

2: Pipeline(
	0: SimpleImputer(strategy='most_frequent')
	1: MaxAbsScaler()
	2: MLPRegressor(activation='identity', alpha=0.0015751929701701335,
             hidden_layer_sizes=(97, 7), learning_rate_init=0.19279112703175058,
             random_state=9, solver='lbfgs')
) -> Fitness: 52.395410645595994

3: Pipeline(
	0: SimpleImputer(strategy='median')
	1: MinMaxScaler()
	2: MLPRegressor(activation='identity', alpha=0.0015751929701701335,
             hidden_layer_sizes=(97, 7), learning_rate_init=0.19279112703175058,
             random_state=9, solver='lbfgs')
) -> Fitness: 52.39616891824407

4: Pipeline(
	0: SimpleImputer(strategy='most_frequent')
	1: RobustScaler(with_centering=False)
	2: MLPRegressor(activation='identity', alpha=0.0015751929701701335,
             hidden_layer_sizes=(97, 7), learning_rate_init=0.19279112703175058,
             random_state=9, solver='lbfgs')
) -> Fitness: 52.396189841007676

Ensemble fitness: 52.32780304985333
Weights: [1.0, 0.9949165111927762, 0.9949165111927762, 0.9949021128504331, 0.9949017155676959]
Prediction: [ 76.55111246  92.88106262 194.67854924 121.31648739 114.20382559
 248.8380703  213.7942003  126.10527702 118.10133152  64.93068023
  37.71358252 140.64434128 150.5299094  266.96796641  90.10297783
  75.80833038 179.53642585  89.27655631 118.19659538 190.81498269
 139.87849459  79.00423274 263.0333802  136.51452303  76.62691601
 162.60291767 179.23985765 115.08720503  77.88764483 290.44350962
 237.19301896 263.09619035 259.4831918  224.37438635 129.05815728
 115.42668522 167.46505444 132.55160077 174.93229074 163.19865533
  82.49135812 156.03326602 170.93722622  83.86468365 182.6700732
 115.70890808  66.64510361  81.78413879 181.59986706 146.16888903
  95.79821868 118.28513665  74.8028113   94.10817369 169.18884083
 100.89551791 112.9428179  213.65000661 147.42613793 213.50330733
 168.40108924 170.19414147 162.04593155 209.51597611 102.25722538
 145.51755401 188.21744646  62.45060458  50.22803748 184.24745486
 272.73374171 153.72700529 225.53814185  69.30619919 138.14721363
 143.05910962  81.34459308 267.78943687 109.15343906 255.41812684
 124.13336493 168.05629786 148.67728372 203.15926095 138.91336727
  56.48909915 164.9431833  116.19375993 209.63581499 234.44322426
 252.09355628 124.59434873 103.23158312 218.15541637  82.64522443
  99.72995977  85.95676065  84.33875509 144.40952202 160.7075608
  86.03938771 119.80600214 166.12656436 266.02736262 173.73584196
 155.69293475 159.19163234 193.6981153  172.04586843 156.67311916
 138.28537691 224.11582289 212.02402311 113.72415825 123.00526024
 124.40059735 197.3163185   55.90132458 152.18009679 207.24709623
  55.08540626 135.13402144  39.61823439 181.46046599 171.04316296
 150.47059726 117.41110246 257.94171299  58.49576403  91.31230126
 135.44172376 120.21831471 142.79581451 202.97480039 121.41320063
  87.36857101 222.48186602 184.61728256 218.81058059  90.76014292
 176.57231854 111.34958608  72.13967479 132.7196025   98.1460125
 174.17217026 210.38118583 144.58901682 186.89907751 241.6000009
 205.6418906  175.48562326 156.10604221 153.99947225  95.12056203
 211.08815435 297.89594567  73.04918875 159.17681746 190.99442214
 127.82103483 158.74547461  67.39594893 239.94793412  82.3291838
 163.15365947 274.46513333 182.10947884 113.28163389 157.2459652
 222.32498145  54.50869719 156.71068246 170.4816156  114.69483382
  88.11209698 179.21961206 156.69343531 203.34683743 199.8147966
 242.72563418 101.27593666 147.19022688 139.74683548 166.50361794
 190.27826544 194.86163724 134.04709388 175.22757934 156.45192617
 175.62088726  95.01551717 113.2823433  186.54518282 117.32833978
  63.94698303 217.5938781  188.88700975 196.57154934  85.31940859
 155.29602238 194.01996188 258.27566905 171.71372482 181.62949823
 166.23361405 169.16066686  91.27665153 174.85358946 186.52109453
  71.30276802 142.22827404 144.62377362 209.06635921 139.16605775
 141.37421808 104.01552304  71.67660368 141.56501871 165.11859038
 108.86083578  99.29357736 128.14091419  98.92282829 113.09182824
 187.12048271 192.00694517 177.19922331 127.03555438 136.58023417
  93.00742271 194.74268191 121.07331597 162.98338832  79.25763085
 292.39787119 158.34164276 119.48087449 160.58016563 154.89732491
 123.46432126 145.39820586  75.28790385 180.63033863 168.09420233
  83.8214108   49.26422208 110.10883502 139.34332527  76.21793721
 235.63484323 208.92225431 258.0060703  128.44658497 193.80162274
 110.22260255  89.87455138 138.91203726 118.79403966 154.60450967
 115.59472116 154.58812715 228.6794622   58.74599798 224.56738569
  64.83336711  57.2315597   85.46819133 168.57277913 132.78969887
 117.8927008  148.74470547 243.19438386 221.98718965 164.35225892
 103.1724054   46.89341238  76.6426432   96.11506186 133.45359444
  89.6753329  157.118036   158.30670447 149.53744471 128.72425074
  96.91695643 171.68406309 185.45708458  98.12102804 169.32528175
 170.98528799 167.38880067 100.17102156 222.54975531 122.98368353
 168.09108365 131.18765697  46.16350916 123.23015779 232.79409424
 200.37959459 188.43460945  59.28630405 132.0588094  164.9281409
  56.48970705 183.4914845  207.58159427 228.90999522  69.73982615
 231.37037444 106.17044037 202.25229132 215.18358692 121.27367567
  77.37523398 205.70949138  74.27863101 117.87474247 105.10102018
  98.86274183 210.20585283 246.84726689 281.42088264 113.16144846
 237.14157276 172.66588251 197.16770092 160.96894167 205.7242755
 144.04656268]
