maxAbsScaler();varianceThreshold();Balancing('none');adaBoost(decisionTree('gini',14,6,0.7557324856732839,3,'None'),42,0.0600035546333409,'SAMME')
Fitness: 0.9902887211164494
Prediction: [2 2 2 1 2 1 1 2 2 2 2 2 2 2 2 2 2 2 2 4 1 2 2 2 3 1 2 2 4 3 2 1 2 2 3 2 2
 2 2 2 2 3 2 2 2 2 3 2 2 2 2 2 2 2 2 2 2 2 2 2 4 2 2 2 2 2 4 2 2 2 1 1 2 2
 1 2 2 2 2 2 2 2 2 2 2 2 2 1 2 2 2 2 3 4 2 1 1 2 2 2 2 4 2 2 2 2 2 1 2 2 2
 2 2 2 2 2 2 2 2 2 3 3 2 2 2 2 3 2 2 2 2 1 1 2 2 2 1 2 2 0 2 2 2 2 2 1 2 2
 4 2 2 2 3 2 2 3 4 2 2 2 4 0 2 2 3 2 2 2 2 2 3 2 2 2 2 2 1 0 2 2 2 2 2 1 3
 2 2 2 4 3 2 2 2 2 1 2 2 4 2 2 2 2 2 2 2 0 2 2 2 2 2 2 2 2 2 2 2 2 3 2 2 2
 2 2 2 2 2 2 2 2 2 2 2 3 1 2 3 2 2 2 2 2 1 2 2 1 2 1 2 2 2 2 2 2 2 2 3 2 2
 1 2 2 2 2 2 2 2 2 2 2 3 2 2 2 2 2 1 2 2 2 4 3 2 2 2 2 2 2 2 2 2 2 2 2 2 1
 2 2 2 2 2 1 2 2 2 2 2 1 2 1 2 2 2 2 2 2 4 2 2 1 2 3 2 2 2 2 2 2 2 2 4 2 2
 1 2 2 1 2 2 1 2 2 2 2 2 2 2 2 2 2 2 2 2 2 2 2 2 1 1 2 2 1 2 2 2 2 2 2 2 2
 2 2 2 2 2 2 2 2 2 2 2 1 2 2 2 2 2 2 2 2 2 2 2 2 3 2 2 4 2 2 2 2 2 2 2 1 2
 2 2 2 2 2 2 2 2 2 2 2 2 3 2 2 2 1 3 2 2 2 2 2 2 2 2 2 1 2 2 3 2 2 2 2 3 1
 2 1 2 1 2 3 2 2 2 4 1 1 2 3 1 1 2 2 2 2 2 2 2 2 2 2 1 1 2 2 1 2 2 1 2 2 2
 3 2 2 2 2 4 2 1 2 3 2 2 3 2 2 2 2 2 2 2 2 2 3 3 1 2 2 2 2 2 1 2 2 2 2 2 4
 2 2 2 1 3 2 4 2 2 2 2 2 2 2 2 2 2 4 2 2 2 2 2 2 1 1 2 2 2 2 3 2 2 2 1 1 2
 2 2 4 2 2 3 2 2 2 2 4 2 2 1 1 2 3 3 2 1 2 2 3 2 1 4 2 2 2 3 2 2 2 2 2 2 3
 2 2 1 2 2 2 1 2 2 2]
