simpleImputer('median');robustScaler(False,True);adaBoost(decisionTree('friedman_mse',24,5,0.8110742367826583,1),76,0.39929419572466696,'SAMME')
Fitness: 0.40849381136208207
Prediction: [ 1.43195238  0.86346333  0.61339183  1.0738245   0.63829818 -0.34123842
  0.68797173 -1.5165144   0.97505111  0.02071095  0.73466518 -0.17904614
  1.23171385  2.52783487 -1.6114394   0.57056772  0.28875159  0.76139952
 -0.67428897 -2.42286445  0.08302866  0.21110723  0.81518206 -0.18190352
  0.35008164 -1.3341742   0.49889804 -1.7189427  -0.10914242  0.63448379
  0.9908482   0.26529686  0.86418518 -1.7369052  -1.9818492  -1.3281448
  1.15730132 -0.95054085  0.1572065   0.91304346 -1.3864783   1.0902932
 -0.25721916 -0.13152846 -0.36559066  0.22723202  0.47839761 -0.37843237
 -0.15829704 -0.23536311  0.36932991 -1.4640036  -1.1306085   0.07247904
  0.28929411  0.81247833  0.91013376 -2.32838545 -0.44633431  0.42409247
 -1.1603374  -1.74648895 -0.78749577  1.0260775  -0.46076742  0.03521149
  0.22746249  1.1838891   0.29895417 -1.2128118   1.6599773  -0.61791135
  0.06576936 -0.79523463 -1.6746691  -1.1121473   0.24430738 -1.2533993
  0.24621983 -0.8751785   0.51258538  1.04177033  0.66627755  0.80153432
 -1.7606231  -1.3077275   0.62604746 -1.3580245  -0.1037442  -1.0067495
  0.67995847  0.14527693 -0.39608296  1.07806085  0.27472154  0.76414397
  0.39645705 -0.70151442  0.40908092  0.40377708 -1.8137303   0.25772188
  1.0000857   0.65559129 -0.35086145  0.55154724  0.06795955  0.1610066
 -0.36856519  1.153131   -0.47276759 -0.33664253  0.55600841 -1.0230646
 -0.71803538  0.10963981 -0.85053272 -1.48460287  1.3179148   0.72215444
  0.44653385  1.55604517  0.67786632 -1.29399485  0.22443278 -0.27230391
 -0.06266443 -0.4027019  -1.4577782  -1.820429    0.88902899 -0.63933164
  0.16559042  1.0777801  -0.48530687  1.3179148   0.5189274  -1.478002
  1.2227765  -0.69018678 -0.09565019 -1.86355823  0.22753276 -0.5921908
  1.2578081  -0.04735396 -0.41508931  0.97360201 -1.2144662   0.86802463
  0.82208457  0.22347521  0.51725942 -1.5431444   1.0633369  -1.88442605
  0.51954329 -2.0226178  -0.02933557  0.87563075 -0.58146105 -1.99210282
 -0.15527546 -0.23613474 -2.10058513 -1.8159632  -1.8363029   0.3867555
  0.0189085  -1.0190097   0.49866298 -0.5526647   0.33614977  0.06576936
  1.2384035  -1.3526662   0.6979997   0.89776111  0.32909673  0.19197106
  0.84079058  2.7209392  -0.57504298 -0.82431567  0.76139952  0.84214421
  1.01705041 -0.15490328  0.10507724 -0.77768475  0.80270343  0.59671597
  0.62260486 -2.1395058  -1.0406208  -1.9498861  -0.40819189  1.10844687
 -1.94579415  0.52788088  1.0105294   0.1572065   0.38521801 -0.34952158
 -2.2922596  -0.45567089  0.6695776  -0.07160476 -0.41224224  0.84573621
  0.70163554 -0.06049651 -2.2906263   0.22242849 -0.12837285 -0.89587287
  0.60249426  0.45126931  0.63460083  0.39483571  0.23614413  0.5009031
 -0.2171114   0.1032688   0.40936246  0.04687494  0.14276918  0.44413319
 -0.33934592  0.73816372 -2.00823692 -1.39479405 -1.0590062  -0.74078175
  0.79519159  0.83676812  0.87563075  1.22288855 -0.40777151  0.9737033
  0.90016781  1.03326153 -1.2500405  -1.44778098 -1.2380173   0.16008133
 -1.0432257   0.04298564  0.60383862 -0.21917245 -0.31555608  0.16868048
  0.99449622 -0.07160476 -0.63476918 -0.31667892 -1.3575168   3.3097954
 -0.76317714  1.2384035   0.32680917 -0.44894763  0.11146096  0.45529817
  0.31677621 -0.87032714  1.2536894   1.03479782  0.76604088  0.61039112
  2.4595859  -2.1560977  -0.00585761 -2.00707217  2.4506216   0.64785323
  0.13949735 -1.4221924  -2.39900845 -1.3395419  -1.1558654  -0.33537158
  0.64239687 -1.9025105  -0.31076973  1.0625631  -0.69897439  0.73927002
 -0.18345305  1.36908743 -1.440914    0.39280447  0.75343973  0.67164362
 -0.42325058  0.75979403  2.5102929   0.93528737  0.58706569  0.56930646
  0.42360408  1.5348216   0.04870103  0.3471831   0.76523862  0.2957422
 -0.01137603  0.40483895  0.05941467  1.08055257 -0.77901679  1.27663648
 -1.0207732   0.21434621  1.1298974   0.06107103  1.2195237   0.99247569
  0.25679638  0.28245238  0.77897097 -1.3542259   0.27024424  0.20795994
  0.4207367   0.54644982 -0.81356528  0.69396952 -1.2992294   1.10430335
  1.2253899  -1.6746691  -2.4680266  -1.3020564   0.77830223]
