simpleImputer('mean');maxAbsScaler();mlpRegressor((25, 2),0.060714376955917276,0.335650391846521,'lbfgs','relu')
Fitness: 1.5545282691363962
Prediction: [2.27903961e-01 2.27903961e-01 2.27903961e-01 2.27903961e-01
 2.27903961e-01 2.27903961e-01 2.27903961e-01 2.27903961e-01
 2.27903961e-01 2.27903961e-01 2.27903961e-01 2.27903961e-01
 2.27903961e-01 2.27903961e-01 2.27903961e-01 2.27903961e-01
 2.27903961e-01 2.27903961e-01 2.27903961e-01 2.27903961e-01
 2.27903961e-01 1.12012666e+02 2.27903961e-01 2.27903961e-01
 2.27903961e-01 2.27903961e-01 2.27903961e-01 2.27903961e-01
 2.27903961e-01 2.27903961e-01 2.27903961e-01 2.27903961e-01
 2.27903961e-01 2.27903961e-01 2.27903961e-01 2.27903961e-01
 2.27903961e-01 2.27903961e-01 2.27903961e-01 2.27903961e-01
 2.27903961e-01 2.27903961e-01 2.27903961e-01 2.27903961e-01
 2.27903961e-01 2.27903961e-01 2.27903961e-01 2.27903961e-01
 2.27903961e-01 2.27903961e-01 1.90332097e+01 2.27903961e-01
 2.27903961e-01 2.27903961e-01 2.27903961e-01 2.27903961e-01
 2.27903961e-01 2.27903961e-01 2.27903961e-01 2.27903961e-01
 2.27903961e-01 2.27903961e-01 2.27903961e-01 2.27903961e-01
 2.27903961e-01 2.27903961e-01 2.27903961e-01 2.27903961e-01
 2.27903961e-01 2.27903961e-01 2.27903961e-01 2.27903961e-01
 2.27903961e-01 2.27903961e-01 2.27903961e-01 2.27903961e-01
 2.27903961e-01 2.27903961e-01 2.27903961e-01 2.27903961e-01
 2.27903961e-01 2.27903961e-01 2.27903961e-01 2.27903961e-01
 2.27903961e-01 2.27903961e-01 2.27903961e-01 2.27903961e-01
 2.27903961e-01 2.27903961e-01 2.27903961e-01 2.27903961e-01
 2.27903961e-01 2.27903961e-01 2.27903961e-01 2.27903961e-01
 2.27903961e-01 2.27903961e-01 2.27903961e-01 2.27903961e-01
 2.27903961e-01 2.27903961e-01 2.27903961e-01 2.27903961e-01
 2.27903961e-01 2.27903961e-01 2.27903961e-01 2.27903961e-01
 2.27903961e-01 2.27903961e-01 2.27903961e-01 2.27903961e-01
 2.27903961e-01 2.27903961e-01 2.27903961e-01 2.27903961e-01
 2.27903961e-01 2.27903961e-01 2.27903961e-01 2.27903961e-01
 2.27903961e-01 2.27903961e-01 2.27903961e-01 2.27903961e-01
 2.27903961e-01 2.27903961e-01 2.27903961e-01 2.27903961e-01
 2.27903961e-01 2.27903961e-01 2.27903961e-01 2.27903961e-01
 2.27903961e-01 2.27903961e-01 2.27903961e-01 2.27903961e-01
 2.27903961e-01 2.27903961e-01 2.27903961e-01 2.27903961e-01
 2.27903961e-01 2.27903961e-01 2.27903961e-01 2.27903961e-01
 2.27903961e-01 2.27903961e-01 2.27903961e-01 2.27903961e-01
 2.27903961e-01 2.27903961e-01 2.27903961e-01 2.27903961e-01
 2.27903961e-01 2.27903961e-01 2.27903961e-01 2.27903961e-01
 2.27903961e-01 2.27903961e-01 2.27903961e-01 2.27903961e-01
 2.27903961e-01 2.27903961e-01 2.27903961e-01 2.27903961e-01
 2.27903961e-01 2.27903961e-01 2.27903961e-01 2.27903961e-01
 2.27903961e-01 2.27903961e-01 2.27903961e-01 2.27903961e-01
 2.27903961e-01 2.27903961e-01 2.27903961e-01 2.27903961e-01
 2.27903961e-01 2.27903961e-01 2.27903961e-01 2.27903961e-01
 2.27903961e-01 2.27903961e-01 2.27903961e-01 2.27903961e-01
 2.27903961e-01 2.27903961e-01 7.47662736e+01 2.27903961e-01
 2.27903961e-01 2.27903961e-01 2.27903961e-01 2.27903961e-01
 2.27903961e-01 2.27903961e-01 2.27903961e-01 2.27903961e-01
 2.27903961e-01 2.27903961e-01 2.27903961e-01 2.27903961e-01
 2.27903961e-01 2.27903961e-01 2.27903961e-01 2.27903961e-01
 2.27903961e-01 2.27903961e-01 2.27903961e-01 1.59623466e+02
 2.27903961e-01 2.27903961e-01 2.27903961e-01 2.27903961e-01
 2.27903961e-01 2.27903961e-01 2.27903961e-01 2.27903961e-01
 2.27903961e-01 2.27903961e-01 2.27903961e-01 2.27903961e-01
 2.27903961e-01 2.27903961e-01 2.27903961e-01 2.27903961e-01
 2.27903961e-01 2.27903961e-01 2.27903961e-01 2.27903961e-01
 2.27903961e-01 2.27903961e-01 2.27903961e-01 2.27903961e-01
 2.27903961e-01 2.27903961e-01 2.27903961e-01 2.27903961e-01
 2.27903961e-01 2.27903961e-01 2.27903961e-01 2.27903961e-01
 2.27903961e-01 2.27903961e-01 2.27903961e-01 2.27903961e-01
 2.27903961e-01 2.27903961e-01 2.27903961e-01 2.27903961e-01
 2.27903961e-01 2.27903961e-01 2.27903961e-01 2.27903961e-01
 2.27903961e-01 2.27903961e-01 2.27903961e-01 2.27903961e-01
 2.27903961e-01 2.27903961e-01 2.27903961e-01 2.27903961e-01
 2.27903961e-01 2.27903961e-01 2.27903961e-01 2.27903961e-01
 2.27903961e-01 2.27903961e-01 2.27903961e-01 2.27903961e-01
 2.27903961e-01 2.27903961e-01 2.27903961e-01 2.27903961e-01
 2.27903961e-01 2.27903961e-01 2.27903961e-01 2.27903961e-01
 2.27903961e-01 2.27903961e-01 2.27903961e-01 2.27903961e-01
 2.27903961e-01 2.27903961e-01 2.27903961e-01 2.27903961e-01
 2.27903961e-01 2.27903961e-01 2.27903961e-01 2.27903961e-01
 2.27903961e-01 2.27903961e-01 2.27903961e-01 2.27903961e-01
 2.27903961e-01 2.27903961e-01 2.29897672e+02 2.27903961e-01
 2.27903961e-01 2.27903961e-01 2.27903961e-01 2.27903961e-01
 2.27903961e-01 2.27903961e-01 2.27903961e-01 2.27903961e-01
 2.27903961e-01 2.27903961e-01 2.27903961e-01 2.27903961e-01
 2.27903961e-01 2.27903961e-01 2.27903961e-01 2.27903961e-01
 2.27903961e-01 2.27903961e-01 2.27903961e-01 2.27903961e-01
 2.27903961e-01 2.27903961e-01 2.27903961e-01 2.27903961e-01
 2.27903961e-01 2.27903961e-01 2.27903961e-01 2.27903961e-01
 2.27903961e-01 2.27903961e-01 2.27903961e-01 2.27903961e-01
 2.27903961e-01 2.27903961e-01 2.27903961e-01 2.27903961e-01
 2.27903961e-01 2.27903961e-01 2.27903961e-01 2.27903961e-01
 2.27903961e-01 2.27903961e-01 2.27903961e-01 2.27903961e-01
 2.27903961e-01 2.27903961e-01 2.27903961e-01 2.27903961e-01
 2.27903961e-01 2.27903961e-01 2.27903961e-01 2.27903961e-01
 2.27903961e-01 2.27903961e-01 2.27903961e-01 2.27903961e-01
 2.27903961e-01 2.27903961e-01 2.27903961e-01 2.27903961e-01
 2.27903961e-01 2.27903961e-01 2.27903961e-01 2.27903961e-01
 2.27903961e-01 2.27903961e-01 2.27903961e-01 2.27903961e-01
 2.27903961e-01 2.27903961e-01 2.27903961e-01 2.27903961e-01
 2.27903961e-01 2.27903961e-01 2.27903961e-01 2.27903961e-01
 2.27903961e-01 2.27903961e-01 2.27903961e-01]
