[1/5] ⚙️  Configuration
    - Generations: 200, Population Size: 200
    - Elite Size: 20, Timeout: 3600s
    - Fitness Function: root_mean_squared_error, Maximization: False
    - Output Directory: /hhome/bpicot25/autoML_uco/evoflow-dev-main/pipegenie/metalearning/temp_results/task_360010
    - Random Seed: 42
--- PipeGenie Run Started ---
🕒 Start Time: 2025-07-12 21:56:42
[2/5] 🌱 Initializing evolutionary process...
                                       fitness                                            size                                        fitness_elite                                      size_elite              
                 ----------------------------------------------------    --------------------------------------    ----------------------------------------------------    --------------------------------------
gen    nevals    min           max           avg           std           min    max    avg           std           min           max           avg           std           min    max    avg           std       
0      200       3.3995        3.6476e+08    1.861e+06     2.5987e+07    3      3      3             0             3.3995        4.691         3.9456        0.60456       3      3      3             0         
1      156       3.3995        12.196        4.9289        1.4953        3      3      3             0             3.3995        4.5448        3.5139        0.34338       3      3      3             0         
2      130       3.3995        7.8645        4.3366        0.72524       3      3      3             0             3.3995        3.3995        3.3995        3.5234e-14    3      3      3             0         
3      137       3.3995        12.245        4.0658        1.1884        3      3      3             0             3.3995        3.3995        3.3995        3.5234e-14    3      3      3             0         
4      137       3.3995        10.348        3.7261        0.78402       3      3      3             0             3.3995        3.3995        3.3995        3.5234e-14    3      3      3             0         
5      107       3.3995        11.699        3.5622        0.8802        3      3      3             0             3.3995        3.3995        3.3995        3.5234e-14    3      3      3             0         
6      100       3.3995        5.4076        3.4095        0.14164       3      3      3             0             3.3995        3.3995        3.3995        3.5234e-14    3      3      3             0         
7      97        3.3995        3.3995        3.3995        1.5026e-14    3      3      3             0             3.3995        3.3995        3.3995        3.5234e-14    3      3      3             0         
8      113       3.3995        3.3995        3.3995        1.5002e-14    3      3      3             0             3.3995        3.3995        3.3995        3.5234e-14    3      3      3             0         
9      95        3.3995        3.3995        3.3995        1.4318e-14    3      3      3             0             3.3995        3.3995        3.3995        3.5234e-14    3      3      3             0         
10     91        3.3995        4.8612        3.4267        0.19076       3      3      3             0             3.3995        3.3995        3.3995        3.5234e-14    3      3      3             0         
11     78        3.3995        3.3995        3.3995        9.1241e-15    3      3      3             0             3.3995        3.3995        3.3995        3.5234e-14    3      3      3             0         
12     89        3.3995        3.3995        3.3995        1.6622e-14    3      3      3             0             3.3995        3.3995        3.3995        3.5234e-14    3      3      3             0         
13     100       3.3995        4.8258        3.4194        0.16229       3      3      3             0             3.3995        3.3995        3.3995        3.5234e-14    3      3      3             0         
14     82        3.3995        3.3995        3.3995        1.1225e-14    3      3      3             0             3.3995        3.3995        3.3995        3.5234e-14    3      3      3             0         
15     82        3.3995        3.3995        3.3995        8.0095e-15    3      3      3             0             3.3995        3.3995        3.3995        3.5234e-14    3      3      3             0         
16     94        3.3995        3.3995        3.3995        6.3496e-15    3      3      3             0             3.3995        3.3995        3.3995        3.5234e-14    3      3      3             0         
17     78        3.3995        3.3995        3.3995        1.0501e-14    3      3      3             0             3.3995        3.3995        3.3995        3.5234e-14    3      3      3             0         
18     74        3.3995        3.3995        3.3995        4.7954e-15    3      3      3             0             3.3995        3.3995        3.3995        3.5234e-14    3      3      3             0         
19     85        3.3995        3.3995        3.3995        7.9542e-15    3      3      3             0             3.3995        3.3995        3.3995        3.5234e-14    3      3      3             0         
20     70        3.3995        3.3995        3.3995        9.004e-15     3      3      3             0             3.3995        3.3995        3.3995        3.5234e-14    3      3      3             0         
21     81        3.3995        3.3995        3.3995        4.7954e-15    3      3      3             0             3.3995        3.3995        3.3995        3.5234e-14    3      3      3             0         
22     83        3.3995        3.3995        3.3995        8.0095e-15    3      3      3             0             3.3995        3.3995        3.3995        3.5234e-14    3      3      3             0         
23     80        3.3995        3.3995        3.3995        6.4523e-15    3      3      3             0             3.3995        3.3995        3.3995        3.5234e-14    3      3      3             0         
24     76        3.3995        3.3995        3.3995        6.4188e-15    3      3      3             0             3.3995        3.3995        3.3995        3.5234e-14    3      3      3             0         
25     84        3.3995        3.3995        3.3995        8.0364e-15    3      3      3             0             3.3995        3.3995        3.3995        3.5234e-14    3      3      3             0         
26     71        3.3995        3.3995        3.3995        4.7954e-15    3      3      3             0             3.3995        3.3995        3.3995        3.5234e-14    3      3      3             0         
27     75        3.3995        3.3995        3.3995        4.7954e-15    3      3      3             0             3.3995        3.3995        3.3995        3.5234e-14    3      3      3             0         
28     75        3.3995        3.3995        3.3995        6.3852e-15    3      3      3             0             3.3995        3.3995        3.3995        3.5234e-14    3      3      3             0         
29     87        3.3995        3.3995        3.3995        1.2475e-14    3      3      3             0             3.3995        3.3995        3.3995        3.5234e-14    3      3      3             0         
30     73        3.3995        3.3995        3.3995        6.4188e-15    3      3      3             0             3.3995        3.3995        3.3995        3.5234e-14    3      3      3             0         
31     67        3.3995        3.3995        3.3995        9.379e-15     3      3      3             0             3.3995        3.3995        3.3995        3.5234e-14    3      3      3             0         
32     76        3.3995        4.8091        3.4065        0.099427      3      3      3             0             3.3995        3.3995        3.3995        3.5234e-14    3      3      3             0         
33     76        3.3995        3.3995        3.3995        9.3086e-15    3      3      3             0             3.3995        3.3995        3.3995        3.5234e-14    3      3      3             0         
34     96        3.3995        3.3995        3.3995        9.004e-15     3      3      3             0             3.3995        3.3995        3.3995        3.5234e-14    3      3      3             0         
35     82        3.3995        3.3995        3.3995        7.6237e-15    3      3      3             0             3.3995        3.3995        3.3995        3.5234e-14    3      3      3             0         
36     92        3.3995        3.3995        3.3995        4.7954e-15    3      3      3             0             3.3995        3.3995        3.3995        3.5234e-14    3      3      3             0         
37     93        3.3995        3.3995        3.3995        9.379e-15     3      3      3             0             3.3995        3.3995        3.3995        3.5234e-14    3      3      3             0         
38     75        3.3995        3.3995        3.3995        7.9812e-15    3      3      3             0             3.3995        3.3995        3.3995        3.5234e-14    3      3      3             0         
39     99        3.3995        5.04          3.4447        0.25787       3      3      3             0             3.3995        3.3995        3.3995        3.5234e-14    3      3      3             0         
40     85        3.3995        3.3995        3.3995        7.9812e-15    3      3      3             0             3.3995        3.3995        3.3995        3.5234e-14    3      3      3             0         
41     88        3.3995        3.3995        3.3995        8.0364e-15    3      3      3             0             3.3995        3.3995        3.3995        3.5234e-14    3      3      3             0         
42     89        3.3995        4.5551        3.4052        0.081515      3      3      3             0             3.3995        3.3995        3.3995        3.5234e-14    3      3      3             0         
43     78        3.3995        4.7812        3.4192        0.16031       3      3      3             0             3.3995        3.3995        3.3995        3.5234e-14    3      3      3             0         
44     94        3.3995        3.3995        3.3995        1.4117e-14    3      3      3             0             3.3995        3.3995        3.3995        3.5234e-14    3      3      3             0         
45     69        3.3995        3.3995        3.3995        6.4188e-15    3      3      3             0             3.3995        3.3995        3.3995        3.5234e-14    3      3      3             0         
46     96        3.3995        3.3995        3.3995        8.0364e-15    3      3      3             0             3.3995        3.3995        3.3995        3.5234e-14    3      3      3             0         
47     82        3.3995        3.3995        3.3995        6.4188e-15    3      3      3             0             3.3995        3.3995        3.3995        3.5234e-14    3      3      3             0         
48     105       3.3995        3.3995        3.3995        8.0364e-15    3      3      3             0             3.3995        3.3995        3.3995        3.5234e-14    3      3      3             0         
49     94        3.3995        3.3995        3.3995        7.6815e-15    3      3      3             0             3.3995        3.3995        3.3995        3.5234e-14    3      3      3             0         
50     109       3.3995        4.8183        3.4126        0.13161       3      3      3             0             3.3995        3.3995        3.3995        3.5234e-14    3      3      3             0         
51     91        3.3995        3.3995        3.3995        7.7652e-15    3      3      3             0             3.3995        3.3995        3.3995        3.5234e-14    3      3      3             0         
52     91        3.3995        3.3995        3.3995        8.3505e-15    3      3      3             0             3.3995        3.3995        3.3995        3.5234e-14    3      3      3             0         
53     86        3.3995        3.3995        3.3995        7.6519e-15    3      3      3             0             3.3995        3.3995        3.3995        3.5234e-14    3      3      3             0         
54     80        3.3995        3.3995        3.3995        1.332e-14     3      3      3             0             3.3995        3.3995        3.3995        3.5234e-14    3      3      3             0         
55     87        3.3995        3.3995        3.3995        1.4127e-14    3      3      3             0             3.3995        3.3995        3.3995        3.5234e-14    3      3      3             0         
56     87        3.3995        3.3995        3.3995        6.7763e-15    3      3      3             0             3.3995        3.3995        3.3995        3.5234e-14    3      3      3             0         
57     100       2.4946        3.3995        3.3949        0.063824      3      3      3             0             2.4946        3.3995        3.3542        0.19721       3      3      3             0         
58     92        2.4946        4.8058        3.3974        0.13444       3      3      3             0             2.4946        3.3995        3.3542        0.19721       3      3      3             0         
59     99        2.4946        3.3995        3.3814        0.12668       3      3      3             0             2.4946        3.3995        3.309         0.27146       3      3      3             0         
60     94        2.4092        3.3995        3.3674        0.16863       3      3      3             0             2.4092        3.3995        3.2595        0.33363       3      3      3             0         
61     93        2.4092        3.3995        3.3534        0.20108       3      3      3             0             2.4092        3.3995        3.2099        0.3795        3      3      3             0         
62     88        1.5545        4.974         3.3709        0.3646        3      3      3             0             1.5545        3.3995        3.0611        0.5475        3      3      3             0         
63     82        1.5545        12.592        3.4214        0.97094       3      3      3             0             1.5545        3.3995        3.0611        0.5475        3      3      3             0         
64     80        1.5545        13.929        3.4162        0.91599       3      3      3             0             1.5545        3.3995        3.0326        0.54397       3      3      3             0         
65     105       1.5545        2.1364e+90    1.1364e+88    1.554e+89     3      3      3             0             1.5545        3.3995        2.987         0.54896       3      3      3             0         
66     120       1.5545        16263         98.513        1239.8        3      3      3             0             1.5545        3.3995        2.987         0.54896       3      3      3             0         
67     128       1.5545        13.975        3.4466        1.1635        3      3      3             0             1.5545        3.3995        2.987         0.54896       3      3      3             0         
68     127       1.5545        20847         134.67        1647.8        3      3      3             0             1.5545        3.3995        2.9372        0.55392       3      3      3             0         
69     129       1.5545        13.975        3.4887        1.2727        3      3      3             0             1.5545        3.3995        2.8232        0.55029       3      3      3             0         
Timeout of 3600s reached. Stopping evolution.
[3/5] ✅ Evolution finished.
    - Saving run results to meta-knowledge base...
[4/5] 👑 Generating and evaluating final ensemble...
    - Ensemble models and weights saved to `ensemble.txt`.
[5/5] ✨ PipeGenie run complete.
🕒 End Time: 2025-07-12 23:09:06
⏱️ Total Elapsed Time: 1:12:24.248528
--- End of Run ---
