robustScaler(False,False);pca(0.9333761833930392,False);Balancing('none');adaBoost(decisionTree('entropy',24,18,0.18317672965939646,4,'None'),35,1.1348277882813378,'SAMME')
Fitness: 0.9888541666666667
Prediction: [0 1 1 0 0 0 0 1 0 0 1 0 0 1 1 0 1 0 0 1 0 0 0 0 1 0 0 0 0 1 0 0 0 1 1 0 0
 0 0 0 0 0 1 1 0 1 0 0 0 1 0 1 0 0 1 0 0 0 0 0 0 0 1 1 0 1 0 1 1 0 0 0 1 0
 1 0 0 0 0 1 0 0 0 0 1 1 0 1 0 1 1 0 1 0 1 1 1 0 0 1 0 0 0 0 0 0 0 1 0 1 0
 0 0 1 0 1 0 0 0 0 0 1 0 1 0 1 0 0 0 1 0 0 0 1 1 0 0 0 0 1 0 1 0 0 1 0 1 0
 0 0 1 0 0 0 0 0 0 1 0 1 0 1 0 1 1 1 1 0 1 0 0 0 1 0 1 1 0 0 1 0 1 0 0 0 0
 1 1 0 0 0 0 1 0 1 0 0 0 0 0 1 0 1 0 1 0 1 0 0 0 0 0 0 0 1 0 1 0 0 0 0 1 0
 0 1 0 0 0 1 1 1 0 0 0 1 0 1 0 1 0 0 0 1 1 0 1 1 1 0 0 0 0 0 0 0 0 1 0 0 0
 1 1 1 0 0 1 1 0 0 0 0 1 0 0 0 1 0 0 0 0 0 1 1 1 0 0 1 0 1 0 0 1 1 1 1 1 0
 0 0 0 1 1 0 0 1 0 0 1 0 1 0 0 1 0 0 0 0 0 0 0 1 0 0 0 0 0 1 0 1 1 0 0 1 0
 0 0 0 0 1 1 0 1 0 0 0 0 0 0 0 0 1 1 0 0 0 0 0 0 0 0 1 0 0 0 0 0 1 0 1 1 0
 0 0 1 1 0 0 0 0 0 1 0 0 0 1 0 1 0 0 0 0 0 0 0 1 0 0 0 0 0 0 1 0 0 1 0 0 0
 0 0 1 1 0 0 0 0 1 0 1 0 0 0 0 1 1 0 0 1 0 0 0 0 1 1 0 0 0 0 1 0 1 0 0 0 0
 0 1 1 0 0 0 0 0 0 0 0 1 0 0 1 0 0 0 1 0 0 0 0 0 0]
