                                       fitness                                            size                                        fitness_elite                                      size_elite              
                 ----------------------------------------------------    --------------------------------------    ----------------------------------------------------    --------------------------------------
gen    nevals    min           max           avg           std           min    max    avg           std           min           max           avg           std           min    max    avg           std       
0      200       0.42525       0.82882       0.61364       0.11578       1      6      2.84          1.3433        0.7701        0.82882       0.79584       0.014692      1      4      2             1.0954    
1      178       0.42525       0.85518       0.64407       0.12216       1      6      2.9           1.3638        0.78442       0.85518       0.80533       0.01534       1      4      2.1           1.0909    
2      173       0.44314       0.85518       0.69116       0.11683       1      6      2.9444        1.3969        0.78442       0.85518       0.80816       0.016048      1      4      2.05          1.1169    
3      170       0.49412       0.85518       0.72571       0.099907      1      6      2.6974        1.3907        0.78442       0.85518       0.81127       0.015078      1      4      1.9           0.9434    
4      162       0.43799       0.85518       0.74366       0.093708      1      6      2.6508        1.4529        0.80102       0.85518       0.82054       0.013077      1      4      2.05          1.2031    
5      166       0.43799       0.85518       0.75946       0.082959      1      6      2.5           1.391         0.80886       0.85518       0.82554       0.011215      1      4      2.55          1.244     
6      162       0.5           0.86215       0.76943       0.076268      1      6      2.3956        1.3496        0.80886       0.86215       0.8289        0.013565      1      4      2.7           1.2689    
7      156       0.5           0.86215       0.7841        0.065381      1      6      2.3966        1.2747        0.81271       0.86215       0.83438       0.01089       1      4      2.95          1.0712    
8      150       0.44167       0.86215       0.78964       0.070092      1      5      2.5475        1.2289        0.82356       0.86215       0.83814       0.010275      1      4      2.95          1.0235    
9      139       0.5           0.86215       0.80086       0.065563      1      5      2.5819        1.2691        0.82798       0.86215       0.84174       0.011494      1      5      3.3           0.95394   
10     141       0.5           0.86215       0.81043       0.059013      1      5      2.8895        1.2779        0.82798       0.86215       0.84458       0.011964      1      5      3.5           0.80623   
11     126       0.5           0.86215       0.82074       0.046669      1      5      3.0828        1.1327        0.82798       0.86215       0.84696       0.012335      3      5      3.65          0.57228   
12     112       0.5           0.86215       0.81916       0.063315      1      5      3.3413        1.0076        0.83606       0.86215       0.85564       0.008239      3      4      3.6           0.4899    
13     77        0.5           0.86215       0.82899       0.060251      1      5      3.5122        0.80006       0.85389       0.86215       0.85891       0.0035107     3      4      3.75          0.43301   
14     78        0.76173       0.86215       0.84455       0.021804      1      4      3.5839        0.69209       0.85389       0.86215       0.8587        0.0034052     3      4      3.75          0.43301   
15     63        0.70536       0.86215       0.85046       0.02104       2      5      3.7115        0.49367       0.84562       0.86215       0.85817       0.0044476     3      4      3.75          0.43301   
16     47        0.78894       0.87153       0.85608       0.014487      3      4      3.7013        0.45769       0.84562       0.87153       0.85881       0.0051593     3      4      3.8           0.4       
17     52        0.77265       0.87153       0.85495       0.019387      3      5      3.7255        0.46068       0.84562       0.87153       0.85881       0.0051593     3      4      3.8           0.4       
18     49        0.77997       0.87153       0.85635       0.015695      2      5      3.6471        0.51729       0.84562       0.87153       0.85854       0.0055677     2      4      3.7           0.55678   
19     45        0.80333       0.87153       0.85752       0.012925      2      5      3.6667        0.49836       0.84562       0.87153       0.85854       0.0055677     2      4      3.7           0.55678   
20     47        0.52948       0.87153       0.85286       0.042527      2      4      3.7451        0.45055       0.84562       0.87153       0.85854       0.0055677     2      4      3.7           0.55678   
--- 3601.743187904358 sec ---
