simpleImputer('median');minMaxScaler();mlpRegressor((66, 10),0.09547520202582262,0.04047224825003958,'lbfgs','tanh')
Fitness: 0.19524145151700953
Prediction: [ 4.05060537e-01 -2.74465592e-01  1.48445989e+00  1.09665852e+00
  4.57297417e-01 -1.16876428e+00  1.04247513e+00 -1.00555354e+00
  6.40289827e-01 -8.47361123e-01  5.72526459e-01  1.39051226e+00
 -1.26375421e+00 -1.22015459e-01  2.07810273e+00 -1.69701379e+00
 -2.67401798e-01  1.45851501e+00  1.08763437e-01  1.34169317e+00
 -7.50296991e-01 -1.55414412e+00 -2.98532361e-01  4.89972786e-01
  7.14314542e-01  5.97327863e-01  3.88693085e-01  9.73638186e-01
  3.50673957e-02 -1.71276544e+00  8.49280176e-01  8.50232059e-01
 -3.94027801e-01  9.49597841e-02 -5.89356763e-01  5.40312661e-01
  2.90693096e-01 -9.89136801e-01 -1.64905418e+00  3.31222844e-01
 -5.38161638e-01 -9.56764545e-01 -6.78808159e-01  7.15395740e-01
 -9.37375987e-01  8.61568887e-03  3.27898556e-01 -3.77831637e-01
  5.86715438e-01  2.80475193e+00 -1.41523540e+00  5.45338372e-01
  2.03377168e-01 -3.55871062e-01  3.58658824e-01  1.18653291e+00
 -5.93641683e-01 -8.14789925e-01 -1.96470626e-01  1.08025748e+00
  2.20437112e-01  1.09149332e+00  3.54614741e-01  7.79014078e-02
 -3.84798338e-01  5.17618576e-01  3.47904914e-01 -1.07904583e+00
  1.51413981e+00 -1.76686214e+00 -6.83353139e-01 -1.24795994e+00
  1.35003886e-01 -1.14291112e+00  1.06038359e-01  4.51423813e-01
 -1.14755041e+00 -3.36459573e-01  5.53627318e-01  4.34128685e-01
  2.16718038e-01  1.02195808e+00 -1.37986278e-01  1.32271109e+00
  1.75848020e+00 -8.61239277e-02 -9.12183321e-01 -1.41607092e+00
  5.22063631e-01 -1.52709941e-02  6.57107321e-01 -2.71428175e-02
 -2.23233560e+00  1.40711518e+00  3.55499481e-01  3.31307967e-01
 -8.47962642e-01  1.86414791e-01 -1.36682736e+00  6.95919515e-01
  4.79475964e-01 -2.41583381e-01 -5.02943866e-01  2.35546866e+00
  3.14005797e-01 -6.18344523e-01  3.52459960e-02 -1.29637448e+00
 -2.01933594e-01  2.94918351e-01  1.15575635e+00  1.40296455e+00
  4.03856903e-01 -2.91745883e-01  2.52413706e-02  4.98043783e-01
  6.49329831e-01 -1.03740918e-01 -8.16084466e-01  4.16860886e-01
 -8.27970182e-01 -4.57301329e-01 -6.33639973e-01 -2.28349139e+00
  1.84411541e+00  4.78977334e-01  9.21167709e-01  5.65855670e-01
  9.97100473e-01 -6.76487996e-01  7.53594237e-01  3.33351605e-01
  1.33171124e+00 -1.00604833e+00  5.01244526e-01  3.39951488e-01
  2.57390547e-01  1.35369756e+00  1.95496593e-01  4.21215850e-01
 -7.00028514e-01 -1.08794228e-01 -1.11352276e+00  1.37056883e+00
  2.60825523e-01  3.63390910e-01  2.74301071e-01 -9.14242239e-01
 -3.15548325e-01  1.12528768e+00 -1.15703986e+00 -3.67776987e-01
  6.68458226e-01  8.63621067e-01  5.94336722e-01 -1.23833852e+00
 -1.61642155e+00  7.08006318e-01  1.02614404e+00  6.40090011e-01
 -1.77383632e-01  3.18664812e+00  1.17057117e+00  3.45917218e+00
  3.87865902e-01  6.18232556e-01 -7.66036005e-01 -2.18721436e-01
 -5.11027832e-01 -2.07777252e+00 -6.15296240e-01 -1.85554536e+00
 -2.22977469e-01 -1.96321319e+00 -6.75154040e-01 -8.86304014e-02
 -2.41844188e-01 -1.94319308e+00 -6.89070122e-01  5.50259386e-01
  1.37692965e+00 -7.01112311e-01 -7.21452226e-01  1.16481633e+00
  8.58891595e-01  6.20158418e-02 -3.88957578e-01  8.71322045e-01
 -2.26654616e-01  6.40446063e-02  8.86330427e-01 -2.18426613e+00
 -9.74942031e-01  1.10517802e-01  6.49065703e-01  6.26148094e-01
  8.63574643e-01  1.11383312e+00  2.97935270e+00  1.79533806e-01
  5.89280023e-01 -6.73064556e-01  8.65996914e-01 -4.29919696e-01
 -6.82328747e-02  5.29579257e-01  5.77319975e-01 -4.54796432e-01
  5.13757286e-01  3.09364999e-01  3.36453653e-01 -1.90302239e+00
 -1.78563891e+00  1.28600718e-01 -1.93759705e+00  6.94500168e-01
 -4.14407696e-01 -1.11682457e-01  1.52020989e-01  1.44637137e+00
 -6.07438412e-02 -6.23101250e-01  1.03574312e+00  1.27488693e+00
  5.94641127e-01 -8.78708598e-01 -8.39527144e-01  4.56053528e-01
 -9.90713350e-01 -2.51384472e-01 -3.17896579e-01  2.67928315e-01
  1.67555206e+00 -1.05796120e+00  1.40799044e-01  1.78583607e+00
  4.20779493e-01 -1.13422372e+00 -1.49545845e+00  7.73887129e-01
 -1.62341383e+00 -4.93507014e-01 -8.02356845e-01  1.21583113e-01
  1.21680031e+00  7.86184064e-01 -5.59416344e-01 -3.96783856e-01
  1.60853329e-01  6.61990457e-01 -1.42732109e+00  9.91746706e-04
 -1.97108399e+00  3.59247781e+00 -5.50418040e-01 -5.18398671e-01
 -4.71392014e-01 -7.41006348e-01  8.95672069e-01  3.21026351e-01
  9.28061119e-01 -2.65302669e-01  9.73135155e-01 -8.61114897e-01
  3.19322258e-01  7.42582822e-01  1.58642209e+00 -3.24384549e-01
 -1.99008743e+00 -4.04381100e-02  8.09428279e-01  5.44604679e-01
  9.52597913e-01 -1.57300976e+00 -1.85251963e+00 -1.15932230e-01
 -1.41570399e+00  4.22188542e-01  4.21098569e-01  1.01280091e+00
  1.43108789e+00 -1.36855148e+00  6.54724692e-01  1.66297418e+00
 -1.59594212e-01 -8.84295760e-03  3.09936362e-02  2.17984986e-01
  2.46344043e-02  1.98812154e-01  6.58868503e-01 -6.99939634e-01
  5.15849798e-01  1.76615189e-01  1.03547390e+00 -1.35309409e+00
 -1.92489054e+00  4.85855417e-01  8.48341950e-01  2.45491457e+00
 -1.75179214e+00  2.56047731e-01 -3.11247441e-01  1.11355948e-01
 -1.89123281e+00 -9.04315537e-02 -6.95075928e-02  8.46294207e-01
 -9.55124781e-01 -8.27199609e-01 -2.05667802e+00  3.74408808e-01
 -2.59097422e-02  4.75890212e-01  3.13227582e-01  8.28125696e-01
  1.69496375e-01 -2.24802414e+00 -4.38713273e-01 -1.24855904e+00
  1.26072985e+00  5.43662087e-01 -6.36184688e-03 -1.24252285e+00
  2.55693990e-01  4.49696581e-01  1.08633507e+00 -8.20552357e-01
  8.65074455e-01  4.02910085e-01 -1.74850526e-01 -5.42361264e-01
 -1.21441683e+00  4.91197783e-01  6.20152340e-01]
