[1/5] ⚙️  Configuration
    - Generations: 200, Population Size: 200
    - Elite Size: 20, Timeout: 3600s
    - Fitness Function: root_mean_squared_error, Maximization: False
    - Output Directory: /hhome/bpicot25/autoML_uco/evoflow-dev-main/pipegenie/metalearning/temp_results/task_359998
    - Random Seed: 42
--- PipeGenie Run Started ---
🕒 Start Time: 2025-07-12 12:12:54
[2/5] 🌱 Initializing evolutionary process...
                                       fitness                                            size                                        fitness_elite                                      size_elite              
                 ----------------------------------------------------    --------------------------------------    ----------------------------------------------------    --------------------------------------
gen    nevals    min           max           avg           std           min    max    avg           std           min           max           avg           std           min    max    avg           std       
0      200       0.37611       1.1744        0.60381       0.17325       3      3      3             0             0.37611       0.42463       0.40609       0.013759      3      3      3             0         
1      164       0.37611       1.0274        0.53351       0.15882       3      3      3             0             0.37611       0.40302       0.39364       0.007562      3      3      3             0         
2      161       0.36505       0.95426       0.47141       0.11256       3      3      3             0             0.36505       0.39504       0.38701       0.0071131     3      3      3             0         
3      164       0.36505       4.4519        0.45491       0.31113       3      3      3             0             0.36505       0.38825       0.38333       0.0056981     3      3      3             0         
4      169       0.36505       0.80925       0.42138       0.061454      3      3      3             0             0.36505       0.38618       0.38035       0.0063179     3      3      3             0         
5      151       0.36356       0.84293       0.40799       0.053193      3      3      3             0             0.36356       0.38382       0.37572       0.0064839     3      3      3             0         
6      147       0.36356       7.3578e+15    3.8322e+13    5.2962e+14    3      3      3             0             0.36356       0.37849       0.37359       0.0051788     3      3      3             0         
7      158       0.36015       0.80925       0.40278       0.055675      3      3      3             0             0.36015       0.37725       0.37203       0.0057434     3      3      3             0         
8      148       0.28623       0.8836        0.39473       0.054512      3      3      3             0             0.28623       0.37611       0.36306       0.018395      3      3      3             0         
9      139       0.28623       0.80925       0.39383       0.05655       3      3      3             0             0.28623       0.36988       0.35183       0.026365      3      3      3             0         
10     167       0.24227       1.0174        0.38969       0.076208      3      3      3             0             0.24227       0.36375       0.33816       0.033528      3      3      3             0         
11     145       0.24227       1.8023e+25    9.0113e+22    1.2712e+24    3      3      3             0             0.24227       0.36001       0.32431       0.036344      3      3      3             0         
12     137       0.21974       1.0164        0.38108       0.10681       3      3      3             0             0.21974       0.34367       0.29147       0.033695      3      3      3             0         
13     151       0.21974       0.62185       0.34689       0.047967      3      3      3             0             0.21974       0.28623       0.25759       0.019606      3      3      3             0         
14     148       0.21974       0.55946       0.3327        0.055612      3      3      3             0             0.21974       0.25906       0.24159       0.012816      3      3      3             0         
15     142       0.21287       0.97923       0.32678       0.088466      3      3      3             0             0.21287       0.24629       0.2351        0.010416      3      3      3             0         
16     145       0.2036        0.88996       0.31394       0.10854       3      3      3             0             0.2036        0.24201       0.22669       0.011091      3      3      3             0         
17     156       0.1994        1.0188        0.30034       0.1265        3      3      3             0             0.1994        0.23338       0.21986       0.0103        3      3      3             0         
18     144       0.1994        0.77474       0.25993       0.059862      3      3      3             0             0.1994        0.22538       0.21272       0.0083404     3      3      3             0         
19     138       0.1994        2.5297        0.27521       0.19804       3      3      3             0             0.1994        0.21974       0.20904       0.0072899     3      3      3             0         
20     145       0.1994        2.5297        0.27134       0.19749       3      3      3             0             0.1994        0.21287       0.20486       0.0050736     3      3      3             0         
21     138       0.1994        2.3512e+27    1.1815e+25    1.6626e+26    3      3      3             0             0.1994        0.21224       0.20413       0.0043127     3      3      3             0         
22     128       0.1994        2.5341e+27    1.2734e+25    1.7918e+26    3      3      3             0             0.1994        0.20676       0.20246       0.0025482     3      3      3             0         
23     146       0.19524       0.80918       0.22409       0.07274       3      3      3             0             0.19524       0.2014        0.19991       0.0013495     3      3      3             0         
24     139       0.19524       0.95426       0.22874       0.1132        3      3      3             0             0.19524       0.20087       0.19973       0.0012215     3      3      3             0         
25     125       0.19524       0.80925       0.21147       0.071405      3      3      3             0             0.19524       0.20084       0.19929       0.0014498     3      3      3             0         
26     132       0.19524       4.1825e+20    3.0308e+18    3.5475e+19    3      3      3             0             0.19524       0.20058       0.19895       0.0016137     3      3      3             0         
Timeout of 3600s reached. Stopping evolution.
[3/5] ✅ Evolution finished.
    - Saving run results to meta-knowledge base...
[4/5] 👑 Generating and evaluating final ensemble...
    - Ensemble models and weights saved to `ensemble.txt`.
[5/5] ✨ PipeGenie run complete.
🕒 End Time: 2025-07-12 13:13:45
⏱️ Total Elapsed Time: 1:00:50.907157
--- End of Run ---
