simpleImputer('median');robustScaler(False,False);adaBoost(decisionTree('absolute_error',5,9,0.5026277130084463,3),60,0.1574490276328187,'SAMME.R')
Fitness: 4.371905290078561
Prediction: [ 5.4    7.5    7.405 10.68   6.615  5.4    8.75   6.15   5.25  10.32
 16.475 10.     6.     5.63   8.75   6.4    8.465  8.     5.     7.3
  8.    16.    11.11  11.25   6.865  6.     9.12   7.3    6.     7.78
  5.75   5.5    9.     3.975  5.9    7.3    8.     6.88  11.02  17.93
 18.     5.945  9.57   5.5    8.    11.25   9.405  6.875  5.25   9.31
  6.94  19.     7.655  5.75   4.5    6.15   4.55  11.25  13.225  7.78
  8.465 10.    12.25   7.     5.945  4.5   12.22   7.     9.31   8.75
  9.75  12.     6.5   11.43  10.505 12.75  13.45   9.17   8.465 16.475
  8.8    5.21  12.     6.25   7.595  8.5   13.225  9.42   8.8    8.8
 11.25  11.25   6.     4.5    8.75   8.75   6.95  12.     6.355 11.79
  5.     7.3   13.98  10.61  12.    12.5    6.5   11.25   8.75  10.62
 10.68  10.5   13.98   6.4    9.37   6.615 20.4    7.5   11.25   7.995
 12.75   8.75  15.73   8.75  16.95   6.355  7.     5.75  12.    16.
  7.53  11.5   10.505  7.3   11.25   6.25   6.25  11.345 13.98   9.405
  6.615  6.25   7.225  3.925 10.     8.75   6.25   6.25   7.53   9.75
  5.945 10.62  11.11  13.65   5.25   7.81   5.5    7.995  4.75  11.25
 20.    10.28  10.32   8.75  11.5   11.135  6.4    5.21   7.     4.5
  7.5   12.22  11.625 10.    12.    44.5   11.285  8.89   5.75   8.06
  6.88  12.75  13.45  13.45  12.     5.945  9.185 13.16   7.595  6.25
 18.    13.65   6.95   8.75   5.5    8.465  4.95  13.98   6.1   12.
 12.22  11.25  12.    13.65   6.25   5.9    9.75  12.     6.    12.
 10.61   7.475  7.3   11.625  6.    13.65   8.75  11.125 11.25  10.75
  6.25  10.    11.71   8.75  11.5    8.75   5.5    7.78   8.5    5.5
  5.83   5.375 12.5    7.5    4.5    7.78  11.5    9.75  11.71   6.865
  5.945 11.5    5.945 12.     6.88  11.71   5.13  12.    10.505  5.13
  7.     7.    10.285  7.655  8.     4.5    6.4    4.7   10.56   6.5
  8.285 10.75  12.5    6.4   11.25  12.    10.61   8.     8.5   10.25
  5.5    5.5   13.     8.8    4.25   7.655  5.75   5.    12.25   6.
  6.    11.235  5.71   7.69  10.25  11.25  16.95   6.95  12.     7.3
  6.     7.24   7.    12.    12.    10.     7.81   6.88  10.    10.68
  6.    11.11   7.81   7.3    6.88   6.5    8.8   10.68   7.575 11.5
 12.25   8.    11.71   5.75   5.4   12.25   6.5    7.475  7.475  9.405
 12.47   9.405  6.     8.    20.55   5.75   9.825 12.    10.     6.4
  8.9   11.43   5.875  8.89  10.     8.82   7.78  11.25   6.5    5.8
 11.625  7.78  11.135  9.5    8.     8.     7.3    5.75  10.68  11.11
  4.75   8.465  5.4    9.875  6.     7.125  8.82   6.865]
