                                       fitness                                            size                                        fitness_elite                                      size_elite              
                 ----------------------------------------------------    --------------------------------------    ----------------------------------------------------    --------------------------------------
gen    nevals    min           max           avg           std           min    max    avg           std           min           max           avg           std           min    max    avg           std       
0      200       0.49581       0.83653       0.62512       0.11213       1      6      2.84          1.3433        0.73687       0.83653       0.78926       0.022966      1      5      2.1           1.2207    
1      181       0.49866       0.83653       0.66222       0.11046       1      6      2.8744        1.3707        0.76417       0.83653       0.79921       0.014977      1      4      1.9           0.99499   
2      180       0.49847       0.83653       0.69458       0.10083       1      6      2.809         1.4746        0.77222       0.83653       0.80366       0.013658      1      5      2.15          1.1079    
3      159       0.5           0.83653       0.70892       0.098474      1      6      2.7817        1.5861        0.78043       0.83653       0.80775       0.013932      1      4      2.15          0.96307   
4      170       0.49904       0.83653       0.72751       0.094178      1      6      2.7358        1.5056        0.77641       0.83653       0.80973       0.017117      1      4      2.2           1.0296    
5      159       0.49904       0.83921       0.75296       0.087959      1      6      2.5798        1.4251        0.77641       0.83921       0.81348       0.018966      1      4      2.05          1.0712    
6      156       0.49904       0.85653       0.77165       0.077489      1      6      2.3944        1.3437        0.77641       0.85653       0.82181       0.019801      1      4      2.2           0.9798    
7      155       0.49904       0.85653       0.7797        0.075912      1      6      2.1989        1.2704        0.78043       0.85653       0.82886       0.013615      1      3      1.95          0.9206    
8      143       0.5           0.85653       0.79603       0.06297       1      5      1.883         1.123         0.78043       0.85653       0.83137       0.01343       1      3      1.65          0.85294   
9      113       0.49904       0.85653       0.81091       0.049101      1      5      1.7636        1.0725        0.82278       0.85653       0.83498       0.006403      1      3      1.75          0.88741   
10     122       0.5           0.85653       0.81504       0.053057      1      5      1.5633        0.89608       0.82278       0.85653       0.83498       0.006403      1      3      1.75          0.88741   
11     108       0.5           0.85653       0.81499       0.062635      1      3      1.4342        0.79199       0.82278       0.85653       0.83498       0.006403      1      3      1.75          0.88741   
12     101       0.5           0.85653       0.82396       0.050244      1      4      1.56          0.88303       0.82278       0.85653       0.83498       0.006403      1      3      1.75          0.88741   
--- 3601.052697658539 sec ---
