simpleImputer('median');maxAbsScaler();mlpRegressor((46, 14),0.048255286531407655,0.005922903140295294,'sgd','relu')
Fitness: 1.5864586947063293
Prediction: [ 7.34771827 13.79529452  6.90764903  9.54402664  7.28690585  6.82282475
  7.63461801  7.26188856  7.27972285  5.96167401 12.4456743  14.93697923
  7.50163859  7.08089914  9.01609448 11.51648095  6.4625249   6.96878182
  7.27339519  7.75379075  8.91922747  7.53657934  7.07901204  6.93430145
 11.51128554  6.90537448  6.65503403  7.30605569  6.77914017  7.88335626
  7.80973863  6.51502658  7.78345278 10.60635897  8.63364706  6.68569531
  7.27498842  8.13600331  7.37679566  7.92115825 10.34089622  6.76704669
  7.00791547  9.72214149  7.48019292  7.97871154  5.90693305  9.56512815
  8.63284707  7.05350085  7.00156369  8.8300082   7.48110444  6.74553723
  9.20770275  7.3699111  10.23029513 10.17506341  6.68572485  7.73118394
 15.80539238  7.01661611  7.04252781  7.60699224  9.49983466  7.67444201
  6.44399666  7.17959173  6.76257643  6.27215383 10.3710888   6.42459226
  6.27174901 10.14124347  6.58610207 25.00684358  6.70767581  6.86935165
  6.43903104  6.39941537  8.64195475  9.13023455 14.87371469  6.21456737
  6.14666782  6.84173095  9.22467698  6.89830717  6.74543949  6.8748194
  7.65863234 11.22581414  8.0534658   7.03142947  7.54113376  6.92959166
  7.23305215  8.17881048 11.77442694  8.75018574  8.66928359  7.56589948
  7.14525419  6.1329363   9.0539169  13.82946875  6.56913261 11.48476779
  7.61869609  5.85596216  8.08829019  8.19950713  7.47720187  6.74187674
 13.13877275  6.6079833   8.30055746  7.11931283  9.26858695  8.51132339
  7.52949238 11.38948767  8.31850944  6.87090733  8.016445    8.24877223
  8.43003558  7.41984659  9.15603929  7.07831001 12.90072466  7.13443005
  6.1996205   9.36606004  7.98491216  7.76472496  8.83340344 11.92256578
  8.6901199   6.7236972  10.30204807  8.43048845  7.76872869 17.99939821
  8.42838275  9.21080549  9.11868557  8.31032273  9.04578586  7.02777224
  7.47304145  8.33627515  6.93911736  6.14525355  8.00028393  9.66158988
 15.75471025  6.89205917 11.59459867  6.40994226  7.10155964  8.52860003
  6.62008114  9.51136046  7.89526193  8.93128861  7.74602922  8.10206326
  7.37472368  7.70607656  8.58513459 16.07264724  6.88938524  7.02754187
 10.17167651  8.71156192  9.31339778  8.96516981  8.26765975  7.75425132
  8.14584039  8.26431676  7.10051919  7.94636622 12.32310545  6.75433758
  8.03857793  6.06898203  9.40255193  7.32456057  8.27291163  6.69004508
  7.42628817  8.96919025  6.25638022  7.0969272   7.62497559  7.15749524
 11.9750899   7.74093303  6.98872398  9.09457406 12.57903291  7.92859536
  8.04759044  7.76567015  9.46633517  7.05297693  6.808306    6.24817142
  7.59614107  7.42350363 10.27361676  7.23427654  7.52016067 14.55310277
  8.82113835 13.17717564  7.00166412  7.38360881  7.51269529  9.92516494
  8.30967466  6.75658298  7.14046207  8.55408335  7.59473687 11.38899861
  6.21203097  7.50214904  8.71174905  9.42449357  8.46193192  7.04679129
  6.63252998 14.46669086  7.14750637  8.19732585 10.56434904  9.33608273
  6.80124132  8.73862701 10.87756836  8.95967905  8.08140941  6.89173354
  9.97906523  7.32401091 14.22588972  7.18936087  9.21279794  8.07172195
  7.92525249 12.51378537  8.8599399   7.25521066 11.27122013  8.28678635
  7.18558215 19.21052218  8.28046651 10.57658775  6.3269713   7.9934877
  8.93333936  7.17597995  7.56738361  9.97629663  6.48752052  7.01305517
  6.67530755  6.66865131  6.61667404  7.86436009  8.14370113  6.43241514
  6.40188859  6.47910237  7.0764856   8.53651274 17.71567178 11.24162645
  9.20833765  7.52397101  7.25083972  6.71635237  6.32243     6.82182163
 15.28800632  6.44664255  9.69944238  8.2373034  13.57365535  7.28899393
  7.3252076   6.9972241   6.48764942 11.536988    7.28237492  7.29798829
  8.1128511   7.77682708  7.39367819  9.21467287  8.54315097 13.029384
  7.37847912  7.12999147  6.79095208  7.27426398  6.8847901   7.4845171
  6.61160479  8.18702778  7.15227308  6.86907965 10.52273403  7.02643355
  8.13803381  7.83981251  8.05297952  7.52804941  7.31097283  7.24440122
 16.35079485  6.61417873  7.68310505  6.78284653  6.76198859  7.5148884
  6.63428212  6.74422897  6.91182922  7.09901117  7.20464577  7.82943312
  7.05324566  9.00383805  9.69986006  7.70751727  8.15738053]
