nohup: ignoring input
[16:41:16] 
🚀 Running AutoML with seed 33
                                       fitness                                            size                                        fitness_elite                                      size_elite              
                 ----------------------------------------------------    --------------------------------------    ----------------------------------------------------    --------------------------------------
gen    nevals    min           max           avg           std           min    max    avg           std           min           max           avg           std           min    max    avg           std       
0      200       0.48708       0.81538       0.62616       0.11488       1      6      2.77          1.318         0.77067       0.81538       0.78864       0.013866      1      5      2.35          1.2359    
1      178       0.45532       0.82803       0.65216       0.1127        1      6      2.7538        1.205         0.7668        0.82803       0.7929        0.016646      1      4      2.4           1.0198    
2      170       0.45532       0.82803       0.6953        0.10799       1      5      2.6564        1.1635        0.7751        0.82803       0.80179       0.013842      1      4      2.35          1.0618    
3      166       0.45545       0.82803       0.72207       0.096424      1      5      2.7526        1.1125        0.79159       0.82803       0.81072       0.010607      1      5      2.5           1.118     
4      164       0.45165       0.83168       0.74615       0.088399      1      5      2.7592        1.0358        0.79093       0.83168       0.81313       0.012497      1      5      2.55          1.0235    
5      150       0.45974       0.83168       0.76414       0.076039      1      5      2.6919        1.0278        0.79313       0.83168       0.81691       0.011954      1      4      2.6           0.8       
6      135       0.5           0.83168       0.78787       0.046433      1      5      2.7158        0.98409       0.79361       0.83168       0.81947       0.012255      1      4      2.55          0.86458   
7      140       0.5           0.83168       0.78795       0.061777      1      5      2.7072        0.95617       0.79361       0.83168       0.81904       0.012435      1      5      2.75          0.94207   
8      129       0.69647       0.83169       0.80733       0.026299      1      5      2.6461        0.90163       0.79361       0.83168       0.81904       0.012435      1      5      2.75          0.94207   
9      99        0.4568        0.83169       0.80417       0.058018      1      5      2.375         0.83001       0.79361       0.83168       0.81904       0.012435      1      5      2.75          0.94207   
10     100       0.5           0.83242       0.81303       0.046527      1      5      2.3543        0.87516       0.79361       0.83168       0.8223        0.010548      1      5      2.95          0.9734    
11     91        0.5           0.83242       0.81555       0.049004      1      5      2.5385        1.003         0.79361       0.83242       0.82128       0.011509      1      5      2.9           0.99499   
12     79        0.5           0.83316       0.81498       0.052587      1      5      2.6766        1.1067        0.80243       0.83168       0.82272       0.010774      1      5      2.95          0.9206    
13     84        0.71565       0.83316       0.82527       0.014459      1      5      2.8944        1.1984        0.80243       0.83316       0.8214        0.01156       1      5      2.85          0.96307   
14     76        0.78454       0.83316       0.82863       0.0071658     1      5      3.2547        1.3106        0.80243       0.83316       0.82219       0.011659      1      5      3.1           1.2207    
15     78        0.77082       0.83316       0.82757       0.011881      1      5      3.6522        1.3247        0.80243       0.83316       0.82434       0.011511      1      5      3.1           1.2207    
16     80        0.7628        0.83316       0.82815       0.012373      1      5      3.9317        1.2908        0.80243       0.83316       0.82434       0.011511      1      5      3.1           1.2207    
17     91        0.66696       0.83316       0.82706       0.018423      1      5      4.0124        1.2756        0.80243       0.83316       0.82434       0.011511      1      5      3.1           1.2207    
18     67        0.7745        0.83316       0.8299        0.0082716     1      5      3.6398        1.3676        0.80243       0.83316       0.82434       0.011511      1      5      3.1           1.2207    
19     72        0.78114       0.83316       0.83014       0.0076531     1      5      3.2981        1.3506        0.80243       0.83316       0.82434       0.011511      1      5      3.1           1.2207    
--- 3602.048441886902 sec ---
Model score: 0.8370786516853933
Balanced accuracy: 0.7781954887218046
[17:41:43] ✅ Balanced Accuracy: 0.7782
[17:41:43] 🕒 Start Time: 2025-06-22 16:41:16.950273
[17:41:43] 🕒 End Time: 2025-06-22 17:41:43.726430
[17:41:43] ⏱️ Elapsed Time: 3626.78 seconds
[17:41:43] 
🚀 Running AutoML with seed 34
                                       fitness                                            size                                        fitness_elite                                      size_elite              
                 ----------------------------------------------------    --------------------------------------    ----------------------------------------------------    --------------------------------------
gen    nevals    min           max           avg           std           min    max    avg           std           min           max           avg           std           min    max    avg           std       
0      200       0.44476       0.78439       0.58908       0.091709      1      6      2.99          1.3453        0.69817       0.78439       0.73318       0.024637      1      4      2.05          0.86458   
1      170       0.49781       0.78439       0.63204       0.093593      1      6      2.9091        1.2878        0.66101       0.78439       0.73684       0.029575      1      4      2.15          0.85294   
2      177       0.47464       0.78439       0.64358       0.095608      1      6      2.8081        1.3118        0.71315       0.78439       0.74737       0.016774      1      4      2             0.89443   
3      178       0.47464       0.78439       0.66431       0.08669       1      6      2.7929        1.2802        0.73991       0.78439       0.7532        0.010124      1      3      1.8           0.74833   
4      176       0.44678       0.78439       0.6806        0.083171      1      6      2.715         1.2244        0.73368       0.78439       0.75283       0.011645      1      3      1.85          0.72629   
5      162       0.5           0.79505       0.6923        0.077056      1      6      2.6684        1.317         0.73991       0.79505       0.75964       0.01415       1      3      1.75          0.69821   
6      170       0.5           0.79505       0.69794       0.07648       1      6      2.4759        1.2805        0.72202       0.79505       0.75988       0.017642      1      3      1.8           0.67823   
7      162       0.46143       0.79505       0.70873       0.082888      1      6      2.3261        1.2905        0.72202       0.79505       0.76218       0.018361      1      3      1.65          0.57228   
8      151       0.46512       0.79505       0.72306       0.075042      1      6      2.0278        1.152         0.73991       0.79505       0.76799       0.015122      1      2      1.5           0.5       
--- 3601.796476840973 sec ---
Model score: 0.9325842696629213
Balanced accuracy: 0.9051470588235294
[18:42:03] ✅ Balanced Accuracy: 0.9051
[18:42:03] 🕒 Start Time: 2025-06-22 17:41:43.728083
[18:42:03] 🕒 End Time: 2025-06-22 18:42:03.432645
[18:42:03] ⏱️ Elapsed Time: 3619.70 seconds
[18:42:03] 
🚀 Running AutoML with seed 35
                                       fitness                                            size                                        fitness_elite                                      size_elite              
                 ----------------------------------------------------    --------------------------------------    ----------------------------------------------------    --------------------------------------
gen    nevals    min           max           avg           std           min    max    avg           std           min           max           avg           std           min    max    avg           std       
0      200       0.42707       0.76068       0.58067       0.085233      1      5      2.675         1.2804        0.70326       0.76068       0.72658       0.016643      1      4      2.4           0.91652   
1      173       0.47787       0.76068       0.62009       0.089326      1      5      2.5176        1.2231        0.65998       0.76068       0.73383       0.023848      1      4      2.35          0.85294   
2      163       0.5           0.77066       0.65473       0.08108       1      5      2.3827        1.1391        0.73477       0.77066       0.75003       0.009281      1      4      2.55          0.86458   
3      169       0.5           0.77066       0.679         0.070846      1      5      2.3776        1.0548        0.73789       0.77066       0.75378       0.0086826     1      4      2.6           0.8       
4      158       0.5           0.78855       0.69881       0.070199      1      5      2.4922        1.0186        0.73789       0.78855       0.75867       0.013195      1      4      2.65          0.72629   
5      143       0.5           0.79349       0.72108       0.054155      1      4      2.3842        0.81742       0.74524       0.79349       0.76408       0.014738      1      4      2.65          0.65383   
6      163       0.49926       0.79349       0.73423       0.046124      1      5      2.4468        0.83305       0.74524       0.79349       0.77008       0.013303      1      4      2.45          0.73993   
7      152       0.5           0.79349       0.74252       0.039878      1      5      2.5189        0.81268       0.74818       0.79349       0.77085       0.012247      1      4      2.4           0.73485   
8      132       0.5           0.80168       0.74774       0.036753      1      4      2.5611        0.74658       0.75956       0.80168       0.77999       0.011319      1      4      2.55          0.66895   
9      140       0.67213       0.80168       0.75365       0.021729      1      4      2.5556        0.80431       0.75956       0.80168       0.77995       0.011733      1      4      2.5           0.67082   
10     126       0.5           0.80168       0.76408       0.033774      1      4      2.6111        0.73325       0.75956       0.80168       0.77995       0.011733      1      4      2.5           0.67082   
--- 3603.1228246688843 sec ---
Model score: 0.9157303370786517
Balanced accuracy: 0.875968992248062
[19:42:41] ✅ Balanced Accuracy: 0.8760
[19:42:41] 🕒 Start Time: 2025-06-22 18:42:03.440279
[19:42:41] 🕒 End Time: 2025-06-22 19:42:41.949871
[19:42:41] ⏱️ Elapsed Time: 3638.51 seconds
[19:42:41] 
🚀 Running AutoML with seed 36
                                       fitness                                            size                                        fitness_elite                                      size_elite              
                 ----------------------------------------------------    --------------------------------------    ----------------------------------------------------    --------------------------------------
gen    nevals    min           max           avg           std           min    max    avg           std           min           max           avg           std           min    max    avg           std       
0      200       0.49706       0.78561       0.59217       0.095962      1      6      2.8           1.3528        0.71183       0.78561       0.75163       0.014678      1      3      1.8           0.67823   
1      175       0.49902       0.78561       0.63478       0.096691      1      6      2.67          1.3233        0.7465        0.78561       0.76156       0.011183      1      3      2.05          0.58949   
2      175       0.49632       0.79205       0.65128       0.098937      1      6      2.74          1.3086        0.74709       0.79205       0.76942       0.011357      1      4      2.2           0.74833   
3      175       0.49706       0.80371       0.67937       0.095596      1      6      2.7           1.1958        0.75949       0.80371       0.77741       0.0097371     1      5      2.55          1.0712    
4      172       0.46257       0.80504       0.70586       0.09675       1      5      2.6071        1.1401        0.77419       0.80504       0.78467       0.0087446     1      5      2.9           1.1358    
5      156       0.49926       0.80504       0.72519       0.080641      1      5      2.6462        1.1108        0.77419       0.80504       0.78554       0.0094718     1      5      2.7           1.1446    
6      162       0.49044       0.80504       0.74282       0.071163      1      5      2.6477        1.1563        0.77419       0.80504       0.78889       0.0089863     1      5      2.8           1.1225    
7      146       0.49632       0.80935       0.75699       0.056874      1      5      2.5648        1.0467        0.77833       0.80935       0.79505       0.0089508     1      5      2.65          1.1079    
8      167       0.5           0.81499       0.7561        0.057712      1      5      2.5885        1.1869        0.77272       0.81499       0.79979       0.010623      1      4      2.7           0.95394   
9      132       0.49632       0.81677       0.77112       0.0431        1      5      2.4892        1.1323        0.77272       0.81677       0.80137       0.011451      1      5      2.7           1.1       
10     126       0.45676       0.83043       0.7757        0.043928      1      5      2.3661        1.0622        0.77419       0.83043       0.80707       0.010503      1      4      2.8           1.0296    
11     124       0.5           0.83043       0.77612       0.04926       1      5      2.4057        1.0749        0.79401       0.83043       0.80988       0.0086982     1      4      2.9           1.044     
12     111       0.5           0.83043       0.78041       0.052911      1      5      2.6628        1.0687        0.80291       0.83043       0.81211       0.0079109     1      4      2.85          1.0137    
13     124       0.5           0.83043       0.78927       0.040305      1      5      2.848         0.96138       0.80371       0.83043       0.81537       0.0090161     1      4      2.95          0.9206    
14     118       0.5           0.83043       0.78368       0.054635      1      5      2.9412        0.93749       0.80371       0.83043       0.81689       0.009578      1      4      3             0.89443   
15     119       0.59128       0.83043       0.80037       0.028072      1      5      3.1084        0.81421       0.80371       0.83043       0.82223       0.0093429     1      4      3.2           0.74833   
16     114       0.53158       0.83043       0.8023        0.036067      1      5      3.2532        0.71985       0.80371       0.83043       0.82223       0.0093429     1      4      3.2           0.74833   
17     99        0.74657       0.83043       0.81024       0.017832      1      4      3.2405        0.71539       0.80371       0.83043       0.82289       0.0094339     1      4      3.25          0.76649   
18     104       0.65431       0.83043       0.81397       0.024263      1      4      3.3289        0.70502       0.80371       0.83043       0.82307       0.0086731     2      4      3.3           0.55678   
19     98        0.74657       0.83043       0.8185        0.017068      1      5      3.4228        0.7344        0.80371       0.83043       0.8234        0.0088201     2      4      3.35          0.57228   
20     98        0.74657       0.83043       0.82448       0.013935      2      6      3.6242        0.67034       0.80371       0.83043       0.8234        0.0088201     2      4      3.35          0.57228   
--- 3602.742833137512 sec ---
Model score: 0.8595505617977528
Balanced accuracy: 0.8468992248062015
[20:43:15] ✅ Balanced Accuracy: 0.8469
[20:43:15] 🕒 Start Time: 2025-06-22 19:42:41.952252
[20:43:15] 🕒 End Time: 2025-06-22 20:43:15.687254
[20:43:15] ⏱️ Elapsed Time: 3633.74 seconds
[20:43:15] 
🚀 Running AutoML with seed 37
                                       fitness                                            size                                        fitness_elite                                      size_elite              
                 ----------------------------------------------------    --------------------------------------    ----------------------------------------------------    --------------------------------------
gen    nevals    min           max           avg           std           min    max    avg           std           min           max           avg           std           min    max    avg           std       
0      200       0.45262       0.81719       0.58235       0.092942      1      5      2.885         1.2656        0.68896       0.81719       0.73286       0.033659      1      5      3.1           1.179     
1      176       0.4831        0.81719       0.60999       0.098633      1      5      3.025         1.2706        0.69895       0.81719       0.74406       0.029942      1      5      2.85          1.2757    
2      176       0.48142       0.81719       0.64166       0.094058      1      5      3.105         1.3168        0.69895       0.81719       0.7467        0.029516      1      5      3             1.2247    
3      171       0.48142       0.81719       0.66315       0.094489      1      5      3.2335        1.3123        0.72153       0.81719       0.76018       0.028305      1      5      3.1           1.179     
4      172       0.5           0.81719       0.69297       0.080827      1      5      3.2732        1.321         0.73102       0.81719       0.7745        0.020497      1      5      3.4           1.1136    
5      161       0.5           0.81719       0.71458       0.073606      1      6      3.2423        1.327         0.72664       0.81719       0.77645       0.020553      2      5      3.4           1.0198    
6      167       0.48629       0.81719       0.71819       0.075838      1      6      3.3455        1.2968        0.76193       0.81719       0.78319       0.013706      2      5      3.35          1.0618    
7      155       0.5           0.81719       0.72864       0.071741      1      6      3.3564        1.274         0.75061       0.81719       0.7904        0.01498       2      5      3.2           1.077     
8      155       0.45315       0.82822       0.73531       0.075736      1      6      3.2926        1.169         0.75061       0.82822       0.79824       0.017542      2      5      3.35          0.96307   
9      151       0.5           0.82822       0.76029       0.054333      1      5      3.3883        1.1267        0.75061       0.82822       0.80026       0.016554      2      5      3.35          0.96307   
--- 3602.010372400284 sec ---
Model score: 0.8595505617977528
Balanced accuracy: 0.6541164658634538
[21:45:15] ✅ Balanced Accuracy: 0.6541
[21:45:15] 🕒 Start Time: 2025-06-22 20:43:15.692432
[21:45:15] 🕒 End Time: 2025-06-22 21:45:15.167094
[21:45:15] ⏱️ Elapsed Time: 3719.47 seconds
[21:45:15] 
🚀 Running AutoML with seed 38
                                       fitness                                            size                                        fitness_elite                                      size_elite              
                 ----------------------------------------------------    --------------------------------------    ----------------------------------------------------    --------------------------------------
gen    nevals    min           max           avg           std           min    max    avg           std           min           max           avg           std           min    max    avg           std       
0      200       0.45824       0.81222       0.61618       0.10782       1      6      2.94          1.2674        0.74613       0.81222       0.77813       0.019731      1      5      2.8           1.1662    
1      183       0.45824       0.82121       0.64697       0.11308       1      5      2.86          1.3078        0.76598       0.82121       0.79144       0.01661       1      5      2.8           1.249     
2      177       0.47283       0.82121       0.68776       0.10325       1      5      2.755         1.3248        0.74027       0.82121       0.79519       0.020189      1      5      2.8           1.3266    
3      173       0.49338       0.83496       0.71671       0.097167      1      5      2.8265        1.3779        0.74027       0.83496       0.80771       0.021775      1      5      2.8           1.2884    
4      170       0.49853       0.83496       0.74798       0.078447      1      5      2.8394        1.2997        0.74027       0.83496       0.81064       0.021518      1      5      2.7           1.3454    
5      159       0.49853       0.83496       0.7589        0.077992      1      5      2.9895        1.369         0.76598       0.83496       0.81848       0.014233      1      5      3.1           1.3748    
6      143       0.47209       0.84228       0.76962       0.076217      1      5      2.9572        1.4211        0.76598       0.84228       0.82039       0.015094      1      5      2.9           1.3748    
7      152       0.5           0.84228       0.78271       0.063599      1      5      3.1784        1.3698        0.80783       0.84228       0.82635       0.008777      1      5      2.75          1.5452    
8      144       0.5           0.84228       0.79829       0.062751      1      5      3.1148        1.3959        0.80783       0.84228       0.82653       0.0086719     1      5      2.65          1.4586    
--- 3608.113468170166 sec ---
Model score: 0.949438202247191
Balanced accuracy: 0.768170426065163
[22:46:14] ✅ Balanced Accuracy: 0.7682
[22:46:14] 🕒 Start Time: 2025-06-22 21:45:15.168410
[22:46:14] 🕒 End Time: 2025-06-22 22:46:14.831104
[22:46:14] ⏱️ Elapsed Time: 3659.66 seconds
[22:46:14] 
🚀 Running AutoML with seed 39
                                       fitness                                            size                                        fitness_elite                                      size_elite              
                 ----------------------------------------------------    --------------------------------------    ----------------------------------------------------    --------------------------------------
gen    nevals    min           max           avg           std           min    max    avg           std           min           max           avg           std           min    max    avg           std       
0      200       0.43771       0.81335       0.58386       0.10038       1      6      2.885         1.3045        0.70722       0.81335       0.75231       0.031809      1      4      2.15          1.0618    
1      174       0.43771       0.81335       0.61056       0.10541       1      6      2.6935        1.2243        0.67206       0.81335       0.74993       0.035619      1      5      2.25          1.0897    
2      180       0.4728        0.81627       0.65269       0.10034       1      6      2.6985        1.26          0.67206       0.81627       0.7592        0.034697      1      4      2.25          0.88741   
3      173       0.49854       0.81627       0.67825       0.087761      1      5      2.6071        1.2912        0.67206       0.81627       0.76877       0.035708      1      5      2.15          1.1948    
4      172       0.43771       0.81627       0.68519       0.092786      1      5      2.4301        1.2073        0.74313       0.81627       0.78615       0.023509      1      4      1.9           1.0909    
5      163       0.43771       0.81627       0.70594       0.089721      1      5      2.3298        1.2453        0.74313       0.81627       0.79415       0.020134      1      4      1.7           0.95394   
6      156       0.43844       0.81627       0.72016       0.089192      1      5      2.3298        1.2665        0.77299       0.81627       0.80157       0.015481      1      4      1.9           1.044     
7      156       0.49708       0.81627       0.73599       0.082382      1      6      2.2391        1.3583        0.78326       0.81627       0.80644       0.010221      1      4      1.75          1.0897    
8      148       0.43844       0.81627       0.75532       0.076024      1      6      2.1006        1.3623        0.78326       0.81627       0.80729       0.010297      1      4      1.75          1.0897    
9      115       0.5           0.817         0.77727       0.062183      1      6      2             1.3016        0.78326       0.817         0.80733       0.010331      1      4      1.75          1.0897    
10     104       0.49927       0.8234        0.78989       0.055929      1      6      1.7939        1.1934        0.78326       0.8234        0.80765       0.010717      1      4      1.85          1.1079    
11     98        0.49927       0.8234        0.79242       0.05438       1      5      1.7134        1.1622        0.78326       0.8234        0.80765       0.010717      1      4      1.85          1.1079    
12     81        0.5           0.8234        0.79406       0.060754      1      5      1.6708        1.1624        0.78326       0.8234        0.80765       0.010717      1      4      1.85          1.1079    
13     70        0.51755       0.8234        0.81179       0.02958       1      5      1.5528        1.1196        0.78326       0.8234        0.80765       0.010717      1      4      1.85          1.1079    
--- 3602.72096824646 sec ---
Model score: 0.9325842696629213
Balanced accuracy: 0.8702380952380953
[23:46:54] ✅ Balanced Accuracy: 0.8702
[23:46:54] 🕒 Start Time: 2025-06-22 22:46:14.836952
[23:46:54] 🕒 End Time: 2025-06-22 23:46:54.655627
[23:46:54] ⏱️ Elapsed Time: 3639.82 seconds
[23:46:54] 
🚀 Running AutoML with seed 40
                                       fitness                                            size                                        fitness_elite                                      size_elite              
                 ----------------------------------------------------    --------------------------------------    ----------------------------------------------------    --------------------------------------
gen    nevals    min           max           avg           std           min    max    avg           std           min           max           avg           std           min    max    avg           std       
0      200       0.41653       0.78894       0.58949       0.10151       1      5      2.935         1.277         0.70276       0.78894       0.75086       0.026622      1      3      2.1           0.83066   
1      176       0.49391       0.80442       0.62336       0.10642       1      5      2.904         1.2415        0.73501       0.80442       0.76924       0.016209      1      3      2             0.89443   
2      165       0.49414       0.80442       0.64924       0.10865       1      5      2.7157        1.1881        0.76716       0.80442       0.78082       0.0098127     1      3      2.15          0.85294   
3      178       0.5           0.81072       0.68452       0.098177      1      5      2.5816        1.1599        0.77234       0.81072       0.78542       0.010957      1      3      2.25          0.82916   
4      178       0.45657       0.81072       0.69695       0.097693      1      5      2.4643        1.1356        0.77298       0.81072       0.7897        0.010064      1      3      2.05          0.86458   
5      167       0.5           0.81187       0.72719       0.07774       1      5      2.3897        1.1644        0.77562       0.81187       0.79522       0.0093749     1      3      2.1           0.83066   
6      157       0.5           0.81187       0.74503       0.064716      1      5      2.3229        1.1501        0.77562       0.81187       0.79521       0.0092156     1      5      2.2           1.1225    
7      162       0.45729       0.81187       0.75016       0.077751      1      5      2.1562        1.0976        0.78227       0.81187       0.79871       0.0091085     1      3      2.45          0.80467   
8      167       0.45291       0.81991       0.74944       0.081779      1      5      1.9894        1.0788        0.78227       0.81991       0.80142       0.0090721     1      3      2.5           0.74162   
9      152       0.45729       0.81991       0.76152       0.070404      1      5      1.9144        0.95523       0.78227       0.81991       0.80142       0.0090721     1      3      2.5           0.74162   
10     124       0.41507       0.81991       0.77687       0.051528      1      5      2.0559        0.96717       0.78227       0.81991       0.80243       0.0099121     1      3      2.4           0.8       
11     124       0.45291       0.81991       0.78196       0.057581      1      5      2.0988        0.91917       0.78425       0.81991       0.8055        0.0085006     1      3      2.35          0.72629   
12     116       0.45729       0.81991       0.79214       0.051279      1      5      2.1953        0.91197       0.78425       0.81991       0.80587       0.0081546     1      3      2.4           0.73485   
--- 3603.87638258934 sec ---
Model score: 0.8932584269662921
Balanced accuracy: 0.849404761904762
[00:47:28] ✅ Balanced Accuracy: 0.8494
[00:47:28] 🕒 Start Time: 2025-06-22 23:46:54.663804
[00:47:28] 🕒 End Time: 2025-06-23 00:47:28.892220
[00:47:28] ⏱️ Elapsed Time: 3634.23 seconds
[00:47:28] 
🚀 Running AutoML with seed 41
                                       fitness                                            size                                        fitness_elite                                      size_elite              
                 ----------------------------------------------------    --------------------------------------    ----------------------------------------------------    --------------------------------------
gen    nevals    min           max           avg           std           min    max    avg           std           min           max           avg           std           min    max    avg           std       
0      200       0.42525       0.82882       0.61364       0.11578       1      6      2.84          1.3433        0.7701        0.82882       0.79584       0.014692      1      4      2             1.0954    
1      178       0.42525       0.85518       0.64407       0.12216       1      6      2.9           1.3638        0.78442       0.85518       0.80533       0.01534       1      4      2.1           1.0909    
2      173       0.44314       0.85518       0.69116       0.11683       1      6      2.9444        1.3969        0.78442       0.85518       0.80816       0.016048      1      4      2.05          1.1169    
3      170       0.49412       0.85518       0.72571       0.099907      1      6      2.6974        1.3907        0.78442       0.85518       0.81127       0.015078      1      4      1.9           0.9434    
4      162       0.43799       0.85518       0.74366       0.093708      1      6      2.6508        1.4529        0.80102       0.85518       0.82054       0.013077      1      4      2.05          1.2031    
5      166       0.43799       0.85518       0.75946       0.082959      1      6      2.5           1.391         0.80886       0.85518       0.82554       0.011215      1      4      2.55          1.244     
6      162       0.5           0.86215       0.76943       0.076268      1      6      2.3956        1.3496        0.80886       0.86215       0.8289        0.013565      1      4      2.7           1.2689    
7      156       0.5           0.86215       0.7841        0.065381      1      6      2.3966        1.2747        0.81271       0.86215       0.83438       0.01089       1      4      2.95          1.0712    
8      150       0.44167       0.86215       0.78964       0.070092      1      5      2.5475        1.2289        0.82356       0.86215       0.83814       0.010275      1      4      2.95          1.0235    
9      139       0.5           0.86215       0.80086       0.065563      1      5      2.5819        1.2691        0.82798       0.86215       0.84174       0.011494      1      5      3.3           0.95394   
10     141       0.5           0.86215       0.81043       0.059013      1      5      2.8895        1.2779        0.82798       0.86215       0.84458       0.011964      1      5      3.5           0.80623   
11     126       0.5           0.86215       0.82074       0.046669      1      5      3.0828        1.1327        0.82798       0.86215       0.84696       0.012335      3      5      3.65          0.57228   
12     112       0.5           0.86215       0.81916       0.063315      1      5      3.3413        1.0076        0.83606       0.86215       0.85564       0.008239      3      4      3.6           0.4899    
13     77        0.5           0.86215       0.82899       0.060251      1      5      3.5122        0.80006       0.85389       0.86215       0.85891       0.0035107     3      4      3.75          0.43301   
14     78        0.76173       0.86215       0.84455       0.021804      1      4      3.5839        0.69209       0.85389       0.86215       0.8587        0.0034052     3      4      3.75          0.43301   
15     63        0.70536       0.86215       0.85046       0.02104       2      5      3.7115        0.49367       0.84562       0.86215       0.85817       0.0044476     3      4      3.75          0.43301   
16     47        0.78894       0.87153       0.85608       0.014487      3      4      3.7013        0.45769       0.84562       0.87153       0.85881       0.0051593     3      4      3.8           0.4       
17     52        0.77265       0.87153       0.85495       0.019387      3      5      3.7255        0.46068       0.84562       0.87153       0.85881       0.0051593     3      4      3.8           0.4       
18     49        0.77997       0.87153       0.85635       0.015695      2      5      3.6471        0.51729       0.84562       0.87153       0.85854       0.0055677     2      4      3.7           0.55678   
19     45        0.80333       0.87153       0.85752       0.012925      2      5      3.6667        0.49836       0.84562       0.87153       0.85854       0.0055677     2      4      3.7           0.55678   
20     47        0.52948       0.87153       0.85286       0.042527      2      4      3.7451        0.45055       0.84562       0.87153       0.85854       0.0055677     2      4      3.7           0.55678   
--- 3601.743187904358 sec ---
Model score: 0.9662921348314607
Balanced accuracy: 0.821705426356589
[01:48:10] ✅ Balanced Accuracy: 0.8217
[01:48:10] 🕒 Start Time: 2025-06-23 00:47:28.893759
[01:48:10] 🕒 End Time: 2025-06-23 01:48:10.698608
[01:48:10] ⏱️ Elapsed Time: 3641.80 seconds
[01:48:10] 
🚀 Running AutoML with seed 42
                                       fitness                                            size                                        fitness_elite                                      size_elite              
                 ----------------------------------------------------    --------------------------------------    ----------------------------------------------------    --------------------------------------
gen    nevals    min           max           avg           std           min    max    avg           std           min           max           avg           std           min    max    avg           std       
0      200       0.45502       0.76736       0.59161       0.090711      1      6      2.85          1.3592        0.70155       0.76736       0.73688       0.018962      1      5      2.35          1.3883    
1      175       0.48832       0.76736       0.62537       0.097048      1      6      2.7677        1.3804        0.6813        0.76736       0.74731       0.019564      1      5      2.55          1.4992    
2      171       0.46706       0.76736       0.65334       0.093003      1      6      2.7208        1.4028        0.6813        0.76736       0.75205       0.018191      1      5      2.6           1.4967    
3      182       0.46185       0.7811        0.67422       0.086443      1      6      2.8934        1.444         0.733         0.7811        0.7562        0.011989      1      5      2.8           1.5362    
4      168       0.5           0.7811        0.69186       0.081108      1      6      2.9897        1.4393        0.73618       0.7811        0.76045       0.0099038     1      5      3.1           1.3379    
5      165       0.5           0.7811        0.70646       0.069355      1      5      2.9326        1.4181        0.74522       0.7811        0.76424       0.0085291     1      5      2.8           1.4353    
6      156       0.5           0.78676       0.72197       0.058182      1      5      2.8211        1.4289        0.74522       0.78676       0.76757       0.0092779     1      5      2.8           1.5362    
7      161       0.5           0.79337       0.73347       0.047731      1      5      2.6684        1.4584        0.74522       0.79337       0.77298       0.011422      1      5      2.45          1.4992    
8      145       0.5           0.79337       0.73598       0.061786      1      5      2.6203        1.5513        0.76062       0.79337       0.7793        0.010357      1      5      2.2           1.3638    
9      147       0.49854       0.79337       0.73872       0.068142      1      5      2.788         1.6096        0.76062       0.79337       0.78027       0.0090807     1      5      2.35          1.3883    
10     140       0.5           0.79337       0.74425       0.067897      1      5      2.3556        1.5334        0.76062       0.79337       0.77987       0.010615      1      5      2.35          1.4586    
11     140       0.5           0.79337       0.75775       0.053301      1      5      2.1525        1.4514        0.76061       0.79337       0.78379       0.0090619     1      4      1.95          1.3219    
12     128       0.5           0.79337       0.76257       0.051983      1      5      1.8693        1.2294        0.76061       0.79337       0.784         0.0084377     1      5      2.2           1.5362    
13     135       0.5           0.79617       0.77015       0.041297      1      5      1.8125        1.2032        0.77167       0.79617       0.78589       0.0075275     1      5      2.4           1.4629    
14     132       0.5           0.79617       0.75769       0.064692      1      5      1.6648        1.1007        0.77167       0.79617       0.78675       0.0069872     1      5      2.3           1.4177    
15     134       0.5           0.79617       0.77163       0.038282      1      5      1.5977        0.97036       0.77167       0.79617       0.78675       0.0069872     1      5      2.3           1.4177    
16     112       0.5           0.80322       0.77543       0.031625      1      5      1.6185        0.92124       0.77167       0.80322       0.78739       0.0078308     1      5      2.3           1.4177    
17     97        0.5           0.80322       0.77646       0.037183      1      5      1.5145        0.92247       0.77167       0.80322       0.78743       0.0078484     1      5      2.3           1.4177    
--- 3601.303107738495 sec ---
Model score: 0.8932584269662921
Balanced accuracy: 0.8911900065746219
[02:48:39] ✅ Balanced Accuracy: 0.8912
[02:48:39] 🕒 Start Time: 2025-06-23 01:48:10.706872
[02:48:39] 🕒 End Time: 2025-06-23 02:48:39.269544
[02:48:39] ⏱️ Elapsed Time: 3628.56 seconds
Exception in thread Thread-10 (_monitor):
Traceback (most recent call last):
  File "/usr/lib/python3.12/threading.py", line 1073, in _bootstrap_inner
    self.run()
  File "/usr/lib/python3.12/threading.py", line 1010, in run
    self._target(*self._args, **self._kwargs)
  File "/usr/lib/python3.12/logging/handlers.py", line 1574, in _monitor
    record = self.dequeue(True)
             ^^^^^^^^^^^^^^^^^^
  File "/usr/lib/python3.12/logging/handlers.py", line 1523, in dequeue
    return self.queue.get(block)
           ^^^^^^^^^^^^^^^^^^^^^
  File "<string>", line 2, in get
  File "/usr/lib/python3.12/multiprocessing/managers.py", line 821, in _callmethod
    kind, result = conn.recv()
                   ^^^^^^^^^^^
  File "/usr/lib/python3.12/multiprocessing/connection.py", line 250, in recv
    buf = self._recv_bytes()
          ^^^^^^^^^^^^^^^^^^
  File "/usr/lib/python3.12/multiprocessing/connection.py", line 430, in _recv_bytes
    buf = self._recv(4)
          ^^^^^^^^^^^^^
  File "/usr/lib/python3.12/multiprocessing/connection.py", line 399, in _recv
    raise EOFError
EOFError
Exception in thread Thread-9 (_monitor):
Traceback (most recent call last):
  File "/usr/lib/python3.12/threading.py", line 1073, in _bootstrap_inner
    self.run()
  File "/usr/lib/python3.12/threading.py", line 1010, in run
    self._target(*self._args, **self._kwargs)
  File "/usr/lib/python3.12/logging/handlers.py", line 1574, in _monitor
    record = self.dequeue(True)
             ^^^^^^^^^^^^^^^^^^
  File "/usr/lib/python3.12/logging/handlers.py", line 1523, in dequeue
    return self.queue.get(block)
           ^^^^^^^^^^^^^^^^^^^^^
  File "<string>", line 2, in get
  File "/usr/lib/python3.12/multiprocessing/managers.py", line 821, in _callmethod
    kind, result = conn.recv()
                   ^^^^^^^^^^^
  File "/usr/lib/python3.12/multiprocessing/connection.py", line 250, in recv
    buf = self._recv_bytes()
          ^^^^^^^^^^^^^^^^^^
  File "/usr/lib/python3.12/multiprocessing/connection.py", line 430, in _recv_bytes
    buf = self._recv(4)
          ^^^^^^^^^^^^^
  File "/usr/lib/python3.12/multiprocessing/connection.py", line 399, in _recv
    raise EOFError
EOFError
Exception in thread Thread-8 (_monitor):
Traceback (most recent call last):
  File "/usr/lib/python3.12/threading.py", line 1073, in _bootstrap_inner
    self.run()
  File "/usr/lib/python3.12/threading.py", line 1010, in run
    self._target(*self._args, **self._kwargs)
  File "/usr/lib/python3.12/logging/handlers.py", line 1574, in _monitor
    record = self.dequeue(True)
             ^^^^^^^^^^^^^^^^^^
  File "/usr/lib/python3.12/logging/handlers.py", line 1523, in dequeue
    return self.queue.get(block)
           ^^^^^^^^^^^^^^^^^^^^^
  File "<string>", line 2, in get
  File "/usr/lib/python3.12/multiprocessing/managers.py", line 821, in _callmethod
    kind, result = conn.recv()
                   ^^^^^^^^^^^
  File "/usr/lib/python3.12/multiprocessing/connection.py", line 250, in recv
    buf = self._recv_bytes()
          ^^^^^^^^^^^^^^^^^^
  File "/usr/lib/python3.12/multiprocessing/connection.py", line 430, in _recv_bytes
    buf = self._recv(4)
          ^^^^^^^^^^^^^
  File "/usr/lib/python3.12/multiprocessing/connection.py", line 399, in _recv
    raise EOFError
EOFError
Exception in thread Thread-7 (_monitor):
Traceback (most recent call last):
  File "/usr/lib/python3.12/threading.py", line 1073, in _bootstrap_inner
    self.run()
  File "/usr/lib/python3.12/threading.py", line 1010, in run
    self._target(*self._args, **self._kwargs)
  File "/usr/lib/python3.12/logging/handlers.py", line 1574, in _monitor
    record = self.dequeue(True)
             ^^^^^^^^^^^^^^^^^^
  File "/usr/lib/python3.12/logging/handlers.py", line 1523, in dequeue
    return self.queue.get(block)
           ^^^^^^^^^^^^^^^^^^^^^
  File "<string>", line 2, in get
  File "/usr/lib/python3.12/multiprocessing/managers.py", line 821, in _callmethod
    kind, result = conn.recv()
                   ^^^^^^^^^^^
  File "/usr/lib/python3.12/multiprocessing/connection.py", line 250, in recv
    buf = self._recv_bytes()
          ^^^^^^^^^^^^^^^^^^
  File "/usr/lib/python3.12/multiprocessing/connection.py", line 430, in _recv_bytes
    buf = self._recv(4)
          ^^^^^^^^^^^^^
  File "/usr/lib/python3.12/multiprocessing/connection.py", line 399, in _recv
    raise EOFError
EOFError
Exception in thread Thread-6 (_monitor):
Traceback (most recent call last):
  File "/usr/lib/python3.12/threading.py", line 1073, in _bootstrap_inner
    self.run()
  File "/usr/lib/python3.12/threading.py", line 1010, in run
    self._target(*self._args, **self._kwargs)
  File "/usr/lib/python3.12/logging/handlers.py", line 1574, in _monitor
    record = self.dequeue(True)
             ^^^^^^^^^^^^^^^^^^
  File "/usr/lib/python3.12/logging/handlers.py", line 1523, in dequeue
    return self.queue.get(block)
           ^^^^^^^^^^^^^^^^^^^^^
  File "<string>", line 2, in get
  File "/usr/lib/python3.12/multiprocessing/managers.py", line 821, in _callmethod
    kind, result = conn.recv()
                   ^^^^^^^^^^^
  File "/usr/lib/python3.12/multiprocessing/connection.py", line 250, in recv
    buf = self._recv_bytes()
          ^^^^^^^^^^^^^^^^^^
  File "/usr/lib/python3.12/multiprocessing/connection.py", line 430, in _recv_bytes
    buf = self._recv(4)
          ^^^^^^^^^^^^^
  File "/usr/lib/python3.12/multiprocessing/connection.py", line 399, in _recv
    raise EOFError
EOFError
Exception in thread Thread-5 (_monitor):
Traceback (most recent call last):
  File "/usr/lib/python3.12/threading.py", line 1073, in _bootstrap_inner
    self.run()
  File "/usr/lib/python3.12/threading.py", line 1010, in run
    self._target(*self._args, **self._kwargs)
  File "/usr/lib/python3.12/logging/handlers.py", line 1574, in _monitor
    record = self.dequeue(True)
             ^^^^^^^^^^^^^^^^^^
  File "/usr/lib/python3.12/logging/handlers.py", line 1523, in dequeue
    return self.queue.get(block)
           ^^^^^^^^^^^^^^^^^^^^^
  File "<string>", line 2, in get
  File "/usr/lib/python3.12/multiprocessing/managers.py", line 821, in _callmethod
    kind, result = conn.recv()
                   ^^^^^^^^^^^
  File "/usr/lib/python3.12/multiprocessing/connection.py", line 250, in recv
    buf = self._recv_bytes()
          ^^^^^^^^^^^^^^^^^^
  File "/usr/lib/python3.12/multiprocessing/connection.py", line 430, in _recv_bytes
    buf = self._recv(4)
          ^^^^^^^^^^^^^
  File "/usr/lib/python3.12/multiprocessing/connection.py", line 399, in _recv
    raise EOFError
EOFError
Exception in thread Thread-4 (_monitor):
Traceback (most recent call last):
  File "/usr/lib/python3.12/threading.py", line 1073, in _bootstrap_inner
    self.run()
  File "/usr/lib/python3.12/threading.py", line 1010, in run
    self._target(*self._args, **self._kwargs)
  File "/usr/lib/python3.12/logging/handlers.py", line 1574, in _monitor
    record = self.dequeue(True)
             ^^^^^^^^^^^^^^^^^^
  File "/usr/lib/python3.12/logging/handlers.py", line 1523, in dequeue
    return self.queue.get(block)
           ^^^^^^^^^^^^^^^^^^^^^
  File "<string>", line 2, in get
  File "/usr/lib/python3.12/multiprocessing/managers.py", line 821, in _callmethod
    kind, result = conn.recv()
                   ^^^^^^^^^^^
  File "/usr/lib/python3.12/multiprocessing/connection.py", line 250, in recv
    buf = self._recv_bytes()
          ^^^^^^^^^^^^^^^^^^
  File "/usr/lib/python3.12/multiprocessing/connection.py", line 430, in _recv_bytes
    buf = self._recv(4)
          ^^^^^^^^^^^^^
  File "/usr/lib/python3.12/multiprocessing/connection.py", line 399, in _recv
    raise EOFError
EOFError
Exception in thread Thread-3 (_monitor):
Traceback (most recent call last):
  File "/usr/lib/python3.12/threading.py", line 1073, in _bootstrap_inner
    self.run()
  File "/usr/lib/python3.12/threading.py", line 1010, in run
    self._target(*self._args, **self._kwargs)
  File "/usr/lib/python3.12/logging/handlers.py", line 1574, in _monitor
    record = self.dequeue(True)
             ^^^^^^^^^^^^^^^^^^
  File "/usr/lib/python3.12/logging/handlers.py", line 1523, in dequeue
    return self.queue.get(block)
           ^^^^^^^^^^^^^^^^^^^^^
  File "<string>", line 2, in get
  File "/usr/lib/python3.12/multiprocessing/managers.py", line 821, in _callmethod
    kind, result = conn.recv()
                   ^^^^^^^^^^^
  File "/usr/lib/python3.12/multiprocessing/connection.py", line 250, in recv
    buf = self._recv_bytes()
          ^^^^^^^^^^^^^^^^^^
  File "/usr/lib/python3.12/multiprocessing/connection.py", line 430, in _recv_bytes
    buf = self._recv(4)
          ^^^^^^^^^^^^^
  File "/usr/lib/python3.12/multiprocessing/connection.py", line 399, in _recv
    raise EOFError
EOFError
Exception in thread Thread-2 (_monitor):
Traceback (most recent call last):
  File "/usr/lib/python3.12/threading.py", line 1073, in _bootstrap_inner
    self.run()
  File "/usr/lib/python3.12/threading.py", line 1010, in run
    self._target(*self._args, **self._kwargs)
  File "/usr/lib/python3.12/logging/handlers.py", line 1574, in _monitor
    record = self.dequeue(True)
             ^^^^^^^^^^^^^^^^^^
  File "/usr/lib/python3.12/logging/handlers.py", line 1523, in dequeue
    return self.queue.get(block)
           ^^^^^^^^^^^^^^^^^^^^^
  File "<string>", line 2, in get
  File "/usr/lib/python3.12/multiprocessing/managers.py", line 821, in _callmethod
    kind, result = conn.recv()
                   ^^^^^^^^^^^
  File "/usr/lib/python3.12/multiprocessing/connection.py", line 250, in recv
    buf = self._recv_bytes()
          ^^^^^^^^^^^^^^^^^^
  File "/usr/lib/python3.12/multiprocessing/connection.py", line 430, in _recv_bytes
    buf = self._recv(4)
          ^^^^^^^^^^^^^
  File "/usr/lib/python3.12/multiprocessing/connection.py", line 399, in _recv
    raise EOFError
EOFError
Exception in thread Thread-1 (_monitor):
Traceback (most recent call last):
  File "/usr/lib/python3.12/threading.py", line 1073, in _bootstrap_inner
