nohup: ignoring input
[16:43:44] 
🚀 Running AutoML with seed 33
                                       fitness                                            size                                        fitness_elite                                      size_elite              
                 ----------------------------------------------------    --------------------------------------    ----------------------------------------------------    --------------------------------------
gen    nevals    min           max           avg           std           min    max    avg           std           min           max           avg           std           min    max    avg           std       
0      200       0.47253       0.87322       0.63546       0.11894       1      6      2.77          1.318         0.7832        0.87322       0.81104       0.025707      1      5      2.1           1.2207    
1      177       0.48862       0.87322       0.68028       0.11513       1      6      2.76          1.2257        0.78834       0.87322       0.82455       0.021576      1      5      2.15          1.2359    
2      167       0.49371       0.88423       0.71724       0.11008       1      6      2.6768        1.2377        0.8139        0.88423       0.84046       0.023043      1      4      2.35          1.1522    
3      175       0.49112       0.88423       0.74223       0.1012        1      5      2.6751        1.2406        0.82825       0.88423       0.85518       0.016287      1      5      2.3           1.1446    
4      166       0.48746       0.88423       0.77918       0.085943      1      5      2.7157        1.2826        0.82825       0.88423       0.86047       0.016738      1      5      2.5           1.2845    
5      150       0.5           0.89427       0.81118       0.058312      1      5      2.7062        1.2646        0.84045       0.89427       0.87017       0.011151      1      3      1.95          0.9206    
6      159       0.49112       0.89427       0.82099       0.068589      1      5      2.4375        1.1302        0.85535       0.89427       0.87439       0.0078448     1      3      2             0.94868   
7      154       0.5           0.89427       0.8408        0.053852      1      5      2.2032        1.0754        0.86895       0.89427       0.87912       0.0079429     1      3      1.9           0.9434    
8      122       0.5           0.89427       0.8406        0.064923      1      5      2.3681        1.0699        0.87322       0.89427       0.88365       0.0067584     1      3      2.15          0.90967   
9      120       0.49583       0.89427       0.85253       0.055617      1      5      2.2114        1.0231        0.87322       0.89427       0.88592       0.0071773     1      5      2.3           1.0536    
10     98        0.70495       0.89427       0.86683       0.03376       1      5      2.2588        0.91591       0.87322       0.89427       0.88757       0.0072126     1      5      2.35          1.0137    
11     69        0.77896       0.89427       0.87951       0.019103      1      5      2.2667        0.82487       0.87322       0.89427       0.88981       0.0069803     1      5      2.3           1.0536    
12     73        0.79752       0.89576       0.8822        0.017854      1      5      2.225         0.82878       0.87322       0.89576       0.891         0.0060952     1      3      2.2           0.87178   
13     70        0.77078       0.89576       0.88351       0.020231      1      5      2.0192        0.84331       0.87322       0.89576       0.89111       0.0061222     1      3      2.2           0.87178   
14     58        0.49366       0.89576       0.88321       0.039267      1      5      1.8355        0.89915       0.87322       0.89576       0.89103       0.0060987     1      3      2.1           0.88882   
--- 3602.8944194316864 sec ---
Model score: 0.9166666666666666
Balanced accuracy: 0.8833333333333333
[17:44:32] ✅ Balanced Accuracy: 0.8833
[17:44:32] 🕒 Start Time: 2025-06-22 16:43:44.008384
[17:44:32] 🕒 End Time: 2025-06-22 17:44:32.571634
[17:44:32] ⏱️ Elapsed Time: 3648.56 seconds
[17:44:32] 
🚀 Running AutoML with seed 34
                                       fitness                                            size                                        fitness_elite                                      size_elite              
                 ----------------------------------------------------    --------------------------------------    ----------------------------------------------------    --------------------------------------
gen    nevals    min           max           avg           std           min    max    avg           std           min           max           avg           std           min    max    avg           std       
0      200       0.45519       0.87269       0.6285        0.12301       1      6      2.99          1.3453        0.76293       0.87269       0.81611       0.026438      1      5      2.4           1.2806    
1      169       0.41895       0.87269       0.67457       0.12423       1      6      2.9798        1.3103        0.79574       0.87269       0.82825       0.020666      1      4      2.3           1.005     
2      176       0.41895       0.87269       0.69835       0.12682       1      6      2.7525        1.2927        0.8058        0.87269       0.83722       0.019844      1      4      2.4           0.91652   
3      174       0.49792       0.87269       0.73354       0.11663       1      6      2.7424        1.2347        0.83108       0.87269       0.85652       0.013178      1      4      2.2           0.8124    
4      172       0.5           0.87269       0.77231       0.09278       1      6      2.5128        1.2126        0.83108       0.87269       0.86092       0.011778      1      3      2.05          0.73993   
5      164       0.56492       0.88584       0.79616       0.075671      1      5      2.4844        1.2032        0.86505       0.88584       0.87204       0.0063336     1      3      1.8           0.74833   
6      150       0.52375       0.89001       0.82736       0.05575       1      5      2.3421        1.1534        0.86505       0.89001       0.87523       0.0071938     1      3      1.9           0.83066   
7      150       0.49792       0.89001       0.82514       0.075036      1      5      2.1596        1.0649        0.86542       0.89001       0.87807       0.0061651     1      3      1.85          0.79215   
8      127       0.4202        0.89001       0.83772       0.067545      1      5      2.0978        0.93901       0.86853       0.89001       0.88026       0.00616       1      3      1.85          0.72629   
9      119       0.50777       0.90751       0.85557       0.040745      1      5      1.978         0.85135       0.86853       0.90751       0.88583       0.0071361     1      3      1.9           0.43589   
10     139       0.59556       0.90751       0.86076       0.035951      1      3      1.7143        0.63394       0.86853       0.90751       0.89022       0.0087042     1      3      1.85          0.47697   
11     102       0.76839       0.90751       0.86747       0.025026      1      4      1.8462        0.6449        0.86853       0.90751       0.8926        0.0083582     1      3      1.8           0.5099    
12     122       0.62972       0.90751       0.8685        0.038197      1      4      1.8407        0.65624       0.88399       0.90751       0.89439       0.0061678     1      3      1.85          0.47697   
--- 3602.168004512787 sec ---
Model score: 0.9305555555555556
Balanced accuracy: 0.8976531942633638
[18:44:51] ✅ Balanced Accuracy: 0.8977
[18:44:51] 🕒 Start Time: 2025-06-22 17:44:32.582319
[18:44:51] 🕒 End Time: 2025-06-22 18:44:51.568233
[18:44:51] ⏱️ Elapsed Time: 3618.99 seconds
[18:44:51] 
🚀 Running AutoML with seed 35
                                       fitness                                            size                                        fitness_elite                                      size_elite              
                 ----------------------------------------------------    --------------------------------------    ----------------------------------------------------    --------------------------------------
gen    nevals    min           max           avg           std           min    max    avg           std           min           max           avg           std           min    max    avg           std       
0      200       0.42818       0.88112       0.61548       0.13072       1      5      2.675         1.2804        0.77438       0.88112       0.82266       0.030842      1      4      2.15          1.0618    
1      178       0.44497       0.88112       0.67438       0.13415       1      5      2.575         1.2467        0.81613       0.88112       0.84778       0.020031      1      4      2.25          0.82916   
2      166       0.47665       0.88112       0.73651       0.11825       1      5      2.37          1.1675        0.84168       0.88112       0.86549       0.011824      1      4      2.4           0.86023   
3      170       0.48128       0.88112       0.77696       0.0994        1      5      2.1515        1.0037        0.8607        0.88112       0.87178       0.005549      1      4      2.3           0.78102   
4      166       0.48128       0.88112       0.80486       0.091397      1      5      2.224         1.0087        0.8664        0.88112       0.87331       0.0042257     1      4      2.45          0.9206    
5      153       0.5           0.89103       0.82318       0.078726      1      6      2.2139        1.0634        0.8684        0.89103       0.87852       0.0049199     1      4      2.55          0.9734    
6      141       0.5           0.89324       0.83488       0.068632      1      6      2.2912        1.0782        0.87256       0.89324       0.88092       0.0053565     1      4      2.55          1.0712    
7      138       0.5           0.89324       0.85109       0.052698      1      6      2.4045        1.0025        0.87256       0.89324       0.88368       0.0043123     1      4      2.55          1.0712    
8      147       0.5           0.89324       0.84925       0.060603      1      5      2.4831        0.97856       0.87256       0.89324       0.88512       0.0045227     1      4      2.55          0.9734    
9      135       0.5           0.89324       0.85361       0.064721      1      4      2.477         0.98672       0.87256       0.89324       0.88576       0.0045743     1      4      2.55          0.86458   
10     133       0.49574       0.89324       0.85291       0.065648      1      5      2.4651        1.0195        0.88112       0.89324       0.88743       0.0034043     1      4      2.8           0.87178   
11     124       0.49574       0.89324       0.86588       0.039752      1      4      2.3964        0.98039       0.88112       0.89324       0.88801       0.0035915     1      4      2.75          0.88741   
--- 3600.905235528946 sec ---
Model score: 0.9722222222222222
Balanced accuracy: 0.95
[19:45:19] ✅ Balanced Accuracy: 0.9500
[19:45:19] 🕒 Start Time: 2025-06-22 18:44:51.569320
[19:45:19] 🕒 End Time: 2025-06-22 19:45:19.207281
[19:45:19] ⏱️ Elapsed Time: 3627.64 seconds
[19:45:19] 
🚀 Running AutoML with seed 36
                                       fitness                                            size                                        fitness_elite                                      size_elite              
                 ----------------------------------------------------    --------------------------------------    ----------------------------------------------------    --------------------------------------
gen    nevals    min           max           avg           std           min    max    avg           std           min           max           avg           std           min    max    avg           std       
0      200       0.45167       0.8591        0.63031       0.12939       1      6      2.8           1.3528        0.79202       0.8591        0.81923       0.022008      1      4      1.85          0.90967   
1      175       0.45804       0.8591        0.67885       0.12665       1      6      2.615         1.3626        0.79345       0.8591        0.82776       0.019394      1      3      1.95          0.80467   
2      169       0.48958       0.86245       0.70985       0.1199        1      6      2.5051        1.3571        0.81596       0.86245       0.84421       0.012454      1      3      1.8           0.8124    
3      173       0.48958       0.86245       0.73847       0.11478       1      6      2.4359        1.3549        0.83082       0.86245       0.85036       0.0072014     1      3      1.65          0.85294   
4      163       0.49792       0.8812        0.77078       0.10565       1      6      2.2615        1.3002        0.84799       0.8812        0.85635       0.0073763     1      3      1.85          0.96307   
5      155       0.5           0.8812        0.7965        0.082246      1      5      2.1865        1.1856        0.83614       0.8812        0.85744       0.0082377     1      3      1.85          0.96307   
6      152       0.5           0.8812        0.82167       0.061251      1      5      2.1295        1.1646        0.85003       0.8812        0.86026       0.0069256     1      3      2.25          0.94207   
7      146       0.5           0.8812        0.83307       0.047602      1      5      2.1347        1.1209        0.85044       0.8812        0.86379       0.0072298     1      4      2.5           0.92195   
8      154       0.5           0.89134       0.83739       0.039604      1      5      2.1606        1.2131        0.85044       0.89134       0.86902       0.0082988     1      4      2.6           0.86023   
9      143       0.5           0.89134       0.83808       0.046634      1      5      2.1865        1.0804        0.85044       0.89134       0.87096       0.0084486     1      3      2.45          0.86458   
10     162       0.5           0.89134       0.83903       0.046005      1      5      2.3057        1.1174        0.85044       0.89134       0.87204       0.0085633     1      4      2.65          1.0137    
11     151       0.5           0.89967       0.84041       0.040882      1      5      2.3316        1.1169        0.86832       0.89967       0.87745       0.0082999     1      4      2.6           0.96954   
12     138       0.5           0.89967       0.8391        0.053109      1      5      2.3679        1.089         0.86832       0.89967       0.87873       0.0085597     1      4      2.7           0.9       
13     132       0.59245       0.89967       0.84769       0.033035      1      4      2.4368        1.0072        0.86832       0.89967       0.87993       0.0087031     1      4      2.75          0.94207   
14     130       0.5           0.89967       0.85307       0.033856      1      4      2.4737        1.0295        0.86956       0.89967       0.88378       0.00813       1      4      2.95          0.9206    
15     119       0.54827       0.89967       0.85309       0.035203      1      4      2.4599        1.0456        0.87442       0.89967       0.88613       0.0072999     1      4      2.95          0.9206    
16     117       0.78113       0.89967       0.85829       0.020506      1      4      2.4324        1.0791        0.87442       0.89967       0.88669       0.0070385     1      4      3.1           0.83066   
17     130       0.67546       0.89967       0.85697       0.027758      1      4      2.4216        1.1273        0.87442       0.89967       0.89195       0.0059651     1      4      3.15          0.85294   
18     121       0.78018       0.90175       0.86312       0.02361       1      4      2.6011        1.1159        0.87442       0.90175       0.89395       0.0060261     1      4      3.4           0.73485   
19     122       0.7675        0.90175       0.86739       0.024675      1      4      2.8011        1.1145        0.88225       0.90175       0.89475       0.0049016     1      4      3.25          0.88741   
20     112       0.83217       0.90175       0.87657       0.018307      1      4      3.0894        0.94712       0.88225       0.90175       0.89615       0.0051309     1      4      3.4           0.91652   
21     115       0.64157       0.90624       0.88244       0.030684      1      5      3.3708        0.74021       0.88225       0.90624       0.89735       0.0048441     1      4      3.5           0.74162   
--- 3602.784062385559 sec ---
Model score: 0.9166666666666666
Balanced accuracy: 0.8491228070175438
[20:45:50] ✅ Balanced Accuracy: 0.8491
[20:45:50] 🕒 Start Time: 2025-06-22 19:45:19.254270
[20:45:50] 🕒 End Time: 2025-06-22 20:45:50.268151
[20:45:50] ⏱️ Elapsed Time: 3631.01 seconds
[20:45:50] 
🚀 Running AutoML with seed 37
                                       fitness                                            size                                        fitness_elite                                      size_elite              
                 ----------------------------------------------------    --------------------------------------    ----------------------------------------------------    --------------------------------------
gen    nevals    min           max           avg           std           min    max    avg           std           min           max           avg           std           min    max    avg           std       
0      200       0.47387       0.87594       0.64061       0.1258        1      5      2.885         1.2656        0.78432       0.87594       0.8288        0.023459      1      5      2.8           1.077     
1      170       0.49583       0.87594       0.6846        0.12871       1      5      2.9141        1.2382        0.79874       0.87594       0.8382        0.019159      1      5      2.55          1.2031    
2      175       0.49583       0.90473       0.72918       0.12024       1      6      2.8769        1.2259        0.81611       0.90473       0.85888       0.018887      1      5      2.35          0.90967   
3      178       0.49792       0.90473       0.7623        0.10398       1      6      2.933         1.2684        0.81611       0.90473       0.86601       0.017062      1      3      1.9           0.76811   
4      158       0.49792       0.90473       0.7845        0.098883      1      6      2.8187        1.1621        0.85478       0.90473       0.87234       0.013035      1      3      1.95          0.73993   
5      167       0.5           0.90473       0.81964       0.077712      1      6      2.7421        1.1751        0.86386       0.90473       0.87945       0.011675      1      3      2.35          0.72629   
6      168       0.49792       0.90473       0.81536       0.092944      1      5      2.5979        1.0824        0.86905       0.90473       0.88481       0.0099105     1      3      2.4           0.66332   
7      151       0.57735       0.90473       0.84767       0.047637      1      5      2.4624        1.0732        0.86905       0.90473       0.88879       0.0092209     1      3      2.3           0.71414   
8      156       0.5           0.90473       0.84589       0.057383      1      5      2.3763        0.96067       0.87594       0.90473       0.89333       0.0070877     1      3      2.2           0.8124    
9      145       0.5           0.90473       0.84454       0.073786      1      5      2.2742        0.90106       0.88539       0.90473       0.89542       0.0052823     1      3      2.2           0.8124    
10     143       0.7827        0.90473       0.8732        0.028091      1      5      2.2324        0.89746       0.88539       0.90473       0.89571       0.0051951     1      3      2.3           0.78102   
--- 3603.027492046356 sec ---
Model score: 0.9027777777777778
Balanced accuracy: 0.8083333333333333
[21:46:15] ✅ Balanced Accuracy: 0.8083
[21:46:15] 🕒 Start Time: 2025-06-22 20:45:50.273877
[21:46:15] 🕒 End Time: 2025-06-22 21:46:15.624025
[21:46:15] ⏱️ Elapsed Time: 3625.35 seconds
[21:46:15] 
🚀 Running AutoML with seed 38
                                       fitness                                            size                                        fitness_elite                                      size_elite              
                 ----------------------------------------------------    --------------------------------------    ----------------------------------------------------    --------------------------------------
gen    nevals    min           max           avg           std           min    max    avg           std           min           max           avg           std           min    max    avg           std       
0      200       0.47912       0.86592       0.6588        0.12809       1      6      2.94          1.2674        0.80887       0.86592       0.83283       0.016507      1      4      2.9           1.0909    
1      179       0.49787       0.87473       0.69795       0.12817       1      5      2.92          1.2859        0.8209        0.87473       0.84721       0.014919      1      5      2.7           1.3077    
2      179       0.484         0.87473       0.73135       0.12586       1      5      2.94          1.3328        0.83836       0.87473       0.85676       0.0081753     1      5      2.8           1.3638    
3      167       0.484         0.87473       0.7697        0.10939       1      6      2.99          1.349         0.83836       0.87473       0.85884       0.007249      1      5      2.65          1.3143    
4      162       0.49574       0.87473       0.78916       0.0981        1      6      3.0103        1.3048        0.85524       0.87473       0.86284       0.0042663     1      5      2.35          1.2757    
5      167       0.49265       0.87473       0.817         0.065276      1      6      3.0821        1.3825        0.84964       0.87473       0.86359       0.0049699     1      5      2.5           1.3601    
6      153       0.49265       0.87714       0.81898       0.078003      1      6      3.0718        1.3681        0.85984       0.87714       0.86683       0.0050142     1      5      2.9           1.2207    
7      161       0.5           0.88628       0.82776       0.071445      1      6      3.1316        1.3567        0.85984       0.88628       0.86943       0.006693      1      5      2.8           1.2884    
8      150       0.5           0.89164       0.83013       0.062693      1      6      3.1632        1.3297        0.85984       0.89164       0.87091       0.0082889     1      5      2.75          1.26      
9      151       0.46631       0.89164       0.83102       0.070313      1      6      3.0632        1.3124        0.86229       0.89164       0.87293       0.0071003     1      5      2.55          1.2835    
10     161       0.5           0.89164       0.83565       0.071114      1      6      2.9526        1.3349        0.86229       0.89164       0.87412       0.0070582     1      5      2.65          1.2757    
--- 3600.727427959442 sec ---
Model score: 0.9722222222222222
Balanced accuracy: 0.9296875
[22:46:37] ✅ Balanced Accuracy: 0.9297
[22:46:37] 🕒 Start Time: 2025-06-22 21:46:15.625065
[22:46:37] 🕒 End Time: 2025-06-22 22:46:37.030296
[22:46:37] ⏱️ Elapsed Time: 3621.41 seconds
[22:46:37] 
🚀 Running AutoML with seed 39
                                       fitness                                            size                                        fitness_elite                                      size_elite              
                 ----------------------------------------------------    --------------------------------------    ----------------------------------------------------    --------------------------------------
gen    nevals    min           max           avg           std           min    max    avg           std           min           max           avg           std           min    max    avg           std       
0      200       0.48654       0.8662        0.65311       0.12762       1      6      2.885         1.3045        0.79458       0.8662        0.82881       0.024178      1      4      2.5           1.1619    
1      181       0.45336       0.8662        0.68992       0.12953       1      6      2.725         1.2163        0.81209       0.8662        0.84612       0.015751      1      4      2.65          1.0137    
2      176       0.49574       0.8662        0.71279       0.12398       1      6      2.595         1.2251        0.83378       0.8662        0.85262       0.010824      1      5      2.7           1.0536    
3      175       0.49574       0.87733       0.76272       0.11824       1      5      2.6429        1.1628        0.83644       0.87733       0.8597        0.009179      1      4      2.6           1.0677    
4      169       0.49787       0.87733       0.78057       0.11188       1      5      2.6582        1.1782        0.85502       0.87733       0.86526       0.0052725     1      5      2.7           1.1446    
5      169       0.49787       0.89309       0.79355       0.10841       1      6      2.8367        1.1446        0.85927       0.89309       0.86938       0.0076402     1      4      2.65          1.1079    
6      167       0.49787       0.89309       0.81652       0.075906      1      6      2.8718        1.1675        0.85927       0.89309       0.87083       0.0075462     1      4      2.6           1.1136    
7      162       0.45065       0.89309       0.81804       0.077945      1      5      2.7846        1.196         0.85927       0.89309       0.87268       0.0074077     1      4      2.4           1.241     
8      168       0.49149       0.89309       0.82724       0.069607      1      5      2.7487        1.2209        0.85927       0.89309       0.87503       0.0071624     1      4      2.25          1.1779    
9      156       0.49149       0.89309       0.83286       0.070289      1      5      2.6443        1.2445        0.86221       0.89309       0.87759       0.0061966     1      4      2.1           1.0909    
10     154       0.5           0.90584       0.8385        0.058187      1      5      2.5103        1.1895        0.87462       0.90584       0.88274       0.0078405     1      4      2.35          1.0618    
11     153       0.55306       0.90584       0.85017       0.042696      1      5      2.433         1.1833        0.87593       0.90584       0.88533       0.0069782     1      4      2.05          0.9734    
12     152       0.5           0.90584       0.8525        0.045055      1      5      2.4485        1.1168        0.87733       0.90584       0.88633       0.0065335     1      3      2.1           0.88882   
13     148       0.49787       0.90584       0.8577        0.04514       1      6      2.2784        1.1145        0.87773       0.90584       0.88739       0.0061538     1      3      2.2           0.8124    
14     131       0.5           0.90584       0.85636       0.049157      1      5      2.3886        1.0866        0.87773       0.90584       0.88813       0.0059681     1      3      2.2           0.8124    
15     142       0.54247       0.90584       0.86077       0.047148      1      5      2.3523        1.0822        0.87773       0.90584       0.89103       0.0068364     1      3      2.1           0.83066   
--- 3601.8186480998993 sec ---
Model score: 0.9583333333333334
Balanced accuracy: 0.85
[23:47:16] ✅ Balanced Accuracy: 0.8500
[23:47:16] 🕒 Start Time: 2025-06-22 22:46:37.031631
[23:47:16] 🕒 End Time: 2025-06-22 23:47:16.340822
[23:47:16] ⏱️ Elapsed Time: 3639.31 seconds
[23:47:16] 
🚀 Running AutoML with seed 40
                                       fitness                                            size                                        fitness_elite                                      size_elite              
                 ----------------------------------------------------    --------------------------------------    ----------------------------------------------------    --------------------------------------
gen    nevals    min           max           avg           std           min    max    avg           std           min           max           avg           std           min    max    avg           std       
0      200       0.4376        0.88536       0.65039       0.12951       1      5      2.935         1.277         0.76075       0.88536       0.82292       0.039055      1      4      2.4           1.0198    
1      185       0.49792       0.88536       0.68864       0.13007       1      5      2.9192        1.2117        0.81611       0.88536       0.85216       0.021509      1      4      2.75          0.94207   
2      163       0.4699        0.88536       0.72101       0.12198       1      5      2.8974        1.159         0.83201       0.88536       0.86047       0.017304      1      4      2.3           1.005     
3      168       0.49792       0.91277       0.76364       0.10916       1      5      2.8083        1.156         0.86037       0.91277       0.87498       0.012643      1      4      2.15          1.0618    
4      163       0.49958       0.91277       0.80224       0.091125      1      5      2.7853        1.1445        0.86037       0.91277       0.88172       0.010952      1      4      2             0.89443   
5      158       0.5           0.91277       0.834         0.059333      1      5      2.6283        1.1036        0.8736        0.91277       0.88847       0.010376      1      4      1.85          0.79215   
6      142       0.5           0.91277       0.83449       0.078917      1      5      2.4866        1.1533        0.87666       0.91277       0.89039       0.0094212     1      4      1.85          0.79215   
7      146       0.49792       0.91277       0.84484       0.071534      1      5      2.1505        1.0721        0.87935       0.91277       0.89434       0.0086334     1      4      1.9           0.83066   
8      131       0.5           0.91277       0.86299       0.048703      1      5      1.9731        1.0495        0.88536       0.91277       0.89832       0.0062142     1      4      2.2           0.92736   
9      147       0.51111       0.92106       0.8653        0.047453      1      5      1.9027        0.98158       0.88536       0.92106       0.90199       0.0082033     1      4      2.25          0.94207   
10     133       0.49792       0.92106       0.86493       0.063884      1      5      1.9672        0.98014       0.89652       0.92106       0.9066        0.0060391     1      4      2.1           0.9434    
11     113       0.5           0.92106       0.87824       0.040941      1      4      2.0552        0.87774       0.89652       0.92106       0.90836       0.0056456     1      4      2.25          1.1347    
12     131       0.5           0.92106       0.87705       0.057388      1      4      2.0773        0.86336       0.90586       0.92106       0.91184       0.004113      1      4      2             1.1402    
13     126       0.6925        0.92106       0.88886       0.027021      1      4      2.1547        0.93333       0.90893       0.92106       0.91342       0.0039236     1      4      2             1.2247    
14     101       0.68985       0.92106       0.89352       0.026646      1      4      2.2247        0.99157       0.90961       0.92106       0.91444       0.0038631     1      4      1.85          1.0618    
--- 3601.345933198929 sec ---
Model score: 0.8888888888888888
Balanced accuracy: 0.7723214285714286
[00:47:37] ✅ Balanced Accuracy: 0.7723
[00:47:37] 🕒 Start Time: 2025-06-22 23:47:16.342464
[00:47:37] 🕒 End Time: 2025-06-23 00:47:37.988338
[00:47:37] ⏱️ Elapsed Time: 3621.65 seconds
[00:47:37] 
🚀 Running AutoML with seed 41
                                       fitness                                            size                                        fitness_elite                                      size_elite              
                 ----------------------------------------------------    --------------------------------------    ----------------------------------------------------    --------------------------------------
gen    nevals    min           max           avg           std           min    max    avg           std           min           max           avg           std           min    max    avg           std       
0      200       0.46408       0.84533       0.63168       0.12355       1      6      2.84          1.3433        0.77221       0.84533       0.81103       0.023369      1      4      2.2           1.077     
1      176       0.47973       0.85482       0.67534       0.12521       1      6      2.8995        1.3746        0.76183       0.85482       0.82618       0.01789       1      5      2.45          1.244     
2      172       0.48112       0.87116       0.71484       0.12168       1      6      2.8794        1.4126        0.80749       0.87116       0.8353        0.013487      1      5      2.5           1.118     
3      174       0.49792       0.87116       0.75184       0.1082        1      6      3.0051        1.4794        0.77443       0.87116       0.83718       0.018679      1      5      2.9           0.99499   
4      160       0.49371       0.87116       0.78366       0.09137       1      6      2.9223        1.4393        0.83326       0.87116       0.84544       0.01016       1      5      3.1           0.99499   
5      159       0.49787       0.87798       0.78828       0.09753       1      6      2.9479        1.391         0.83526       0.87798       0.85171       0.011224      1      5      2.8           1.249     
6      162       0.49574       0.87798       0.79242       0.095376      1      6      2.8594        1.3174        0.83526       0.87798       0.85496       0.0088508     1      4      2.9           1.261     
7      158       0.5           0.87798       0.81877       0.065051      1      6      2.9005        1.3006        0.84903       0.87798       0.86071       0.0075341     1      4      2.85          1.1522    
8      158       0.5419        0.88324       0.83192       0.040274      1      6      2.9372        1.2091        0.82852       0.88324       0.8636        0.012121      1      4      3.3           1.005     
9      159       0.43808       0.88324       0.82021       0.076376      1      6      3.0053        1.163         0.82852       0.88324       0.86621       0.011556      1      4      3.35          1.0137    
10     145       0.49792       0.88324       0.82588       0.069592      1      6      3.1505        1.1909        0.85276       0.88324       0.86834       0.0083493     2      4      3.65          0.65383   
11     135       0.5           0.88324       0.83239       0.057744      1      5      3.2043        1.1506        0.85276       0.88324       0.87238       0.0068801     1      4      3.75          0.69821   
12     129       0.4807        0.88324       0.8373        0.050478      1      5      3.2717        1.1431        0.86686       0.88324       0.8746        0.0040809     1      4      3.6           0.91652   
13     138       0.72206       0.88324       0.8448        0.025947      1      5      3.5217        0.9722        0.86686       0.88324       0.87545       0.0037555     1      4      3.6           0.91652   
14     130       0.48598       0.88478       0.83852       0.054716      1      5      3.6167        0.85813       0.86686       0.88478       0.87645       0.0040163     1      4      3.7           0.71414   
15     125       0.50791       0.88478       0.84219       0.047649      1      5      3.691         0.74202       0.87372       0.88478       0.87724       0.0031309     3      4      3.9           0.3       
--- 3602.4609105587006 sec ---
Model score: 0.9166666666666666
Balanced accuracy: 0.8833333333333333
[01:48:42] ✅ Balanced Accuracy: 0.8833
[01:48:42] 🕒 Start Time: 2025-06-23 00:47:37.989231
[01:48:42] 🕒 End Time: 2025-06-23 01:48:42.687685
[01:48:42] ⏱️ Elapsed Time: 3664.70 seconds
[01:48:42] 
🚀 Running AutoML with seed 42
                                       fitness                                            size                                        fitness_elite                                      size_elite              
                 ----------------------------------------------------    --------------------------------------    ----------------------------------------------------    --------------------------------------
gen    nevals    min           max           avg           std           min    max    avg           std           min           max           avg           std           min    max    avg           std       
0      200       0.44741       0.88346       0.65863       0.13519       1      6      2.85          1.3592        0.81852       0.88346       0.84218       0.019367      1      5      2.35          1.2757    
1      183       0.44435       0.88641       0.7069        0.13815       1      6      2.835         1.3593        0.83584       0.88641       0.85498       0.014564      1      5      2.35          1.3143    
2      163       0.44435       0.88641       0.74292       0.13167       1      5      2.78          1.346         0.83795       0.88641       0.86494       0.013601      1      4      1.9           1.044     
3      171       0.49245       0.88641       0.76221       0.12446       1      5      2.5779        1.3497        0.84616       0.88641       0.87263       0.0092722     1      4      2.15          1.0137    
4      169       0.49792       0.88771       0.79142       0.11518       1      5      2.5431        1.3193        0.86831       0.88771       0.87734       0.0059731     1      4      2.45          1.1169    
5      166       0.49792       0.88975       0.80812       0.10578       1      5      2.5459        1.2669        0.87321       0.88975       0.8809        0.0051392     1      4      2.35          1.1522    
6      160       0.48763       0.88975       0.81457       0.1002        1      5      2.6122        1.2465        0.87321       0.88975       0.88256       0.004765      1      4      2.6           1.2       
7      152       0.47934       0.89253       0.83002       0.096341      1      5      2.5561        1.1789        0.88146       0.89253       0.88595       0.0027005     1      4      2.7           1.2288    
8      150       0.49792       0.89266       0.84763       0.080182      1      5      2.7704        1.2136        0.88346       0.89266       0.88752       0.0026537     1      4      3.05          1.2835    
9      139       0.5           0.8947        0.8533        0.067796      1      5      2.9949        1.1715        0.88346       0.8947        0.88867       0.0029992     1      4      2.8           1.4       
10     140       0.5           0.8947        0.86229       0.055084      1      5      2.9745        1.2307        0.88346       0.8947        0.88981       0.0028428     1      4      3             1.3784    
11     160       0.5           0.8947        0.86902       0.035144      1      5      3.0561        1.238         0.88559       0.8947        0.89068       0.0026012     1      4      2.65          1.4239    
12     131       0.64033       0.8947        0.86868       0.037297      1      5      2.8872        1.276         0.88637       0.8947        0.89144       0.002116      1      4      2.55          1.4309    
13     125       0.5           0.8947        0.87287       0.039806      1      5      3.0105        1.3377        0.88641       0.8947        0.89197       0.0018593     1      4      2.4           1.4283    
14     134       0.49792       0.8947        0.86932       0.052034      1      4      2.9048        1.3457        0.88641       0.8947        0.89207       0.0018306     1      4      2.4           1.4283    
15     112       0.84613       0.90373       0.88091       0.012069      1      4      2.9255        1.3856        0.88641       0.90373       0.89304       0.0029641     1      4      2.25          1.4098    
16     136       0.85181       0.90373       0.88191       0.010841      1      4      2.9022        1.3992        0.88641       0.90373       0.89425       0.0043383     1      4      2.8           1.4697    
17     111       0.82309       0.90373       0.88102       0.012815      1      4      2.8587        1.4301        0.88641       0.90373       0.89441       0.0043062     1      4      2.95          1.4309    
18     121       0.86132       0.90373       0.88353       0.0096498     1      4      2.7735        1.4673        0.88641       0.90373       0.89464       0.004202      1      4      2.95          1.4309    
19     121       0.68759       0.90373       0.88248       0.018714      1      4      2.6271        1.4946        0.88641       0.90373       0.89474       0.0041763     1      4      2.95          1.4309    
20     120       0.8447        0.90373       0.88703       0.011664      1      4      2.4343        1.4947        0.88641       0.90373       0.89465       0.004245      1      4      2.95          1.4309    
--- 3602.235594511032 sec ---
Model score: 0.9027777777777778
Balanced accuracy: 0.7941176470588236
[02:48:52] ✅ Balanced Accuracy: 0.7941
[02:48:52] 🕒 Start Time: 2025-06-23 01:48:42.688729
[02:48:52] 🕒 End Time: 2025-06-23 02:48:52.983606
[02:48:52] ⏱️ Elapsed Time: 3610.29 seconds
Exception in thread Thread-10 (_monitor):
Traceback (most recent call last):
  File "/usr/lib/python3.12/threading.py", line 1073, in _bootstrap_inner
    self.run()
  File "/usr/lib/python3.12/threading.py", line 1010, in run
    self._target(*self._args, **self._kwargs)
  File "/usr/lib/python3.12/logging/handlers.py", line 1574, in _monitor
    record = self.dequeue(True)
             ^^^^^^^^^^^^^^^^^^
  File "/usr/lib/python3.12/logging/handlers.py", line 1523, in dequeue
    return self.queue.get(block)
           ^^^^^^^^^^^^^^^^^^^^^
  File "<string>", line 2, in get
  File "/usr/lib/python3.12/multiprocessing/managers.py", line 821, in _callmethod
    kind, result = conn.recv()
                   ^^^^^^^^^^^
  File "/usr/lib/python3.12/multiprocessing/connection.py", line 250, in recv
    buf = self._recv_bytes()
          ^^^^^^^^^^^^^^^^^^
  File "/usr/lib/python3.12/multiprocessing/connection.py", line 430, in _recv_bytes
    buf = self._recv(4)
          ^^^^^^^^^^^^^
  File "/usr/lib/python3.12/multiprocessing/connection.py", line 399, in _recv
    raise EOFError
EOFError
Exception in thread Thread-9 (_monitor):
Traceback (most recent call last):
  File "/usr/lib/python3.12/threading.py", line 1073, in _bootstrap_inner
    self.run()
  File "/usr/lib/python3.12/threading.py", line 1010, in run
    self._target(*self._args, **self._kwargs)
  File "/usr/lib/python3.12/logging/handlers.py", line 1574, in _monitor
    record = self.dequeue(True)
             ^^^^^^^^^^^^^^^^^^
  File "/usr/lib/python3.12/logging/handlers.py", line 1523, in dequeue
    return self.queue.get(block)
           ^^^^^^^^^^^^^^^^^^^^^
  File "<string>", line 2, in get
  File "/usr/lib/python3.12/multiprocessing/managers.py", line 821, in _callmethod
    kind, result = conn.recv()
                   ^^^^^^^^^^^
  File "/usr/lib/python3.12/multiprocessing/connection.py", line 250, in recv
    buf = self._recv_bytes()
          ^^^^^^^^^^^^^^^^^^
  File "/usr/lib/python3.12/multiprocessing/connection.py", line 430, in _recv_bytes
    buf = self._recv(4)
          ^^^^^^^^^^^^^
  File "/usr/lib/python3.12/multiprocessing/connection.py", line 399, in _recv
    raise EOFError
EOFError
Exception in thread Thread-8 (_monitor):
Traceback (most recent call last):
  File "/usr/lib/python3.12/threading.py", line 1073, in _bootstrap_inner
    self.run()
  File "/usr/lib/python3.12/threading.py", line 1010, in run
    self._target(*self._args, **self._kwargs)
  File "/usr/lib/python3.12/logging/handlers.py", line 1574, in _monitor
    record = self.dequeue(True)
             ^^^^^^^^^^^^^^^^^^
  File "/usr/lib/python3.12/logging/handlers.py", line 1523, in dequeue
    return self.queue.get(block)
           ^^^^^^^^^^^^^^^^^^^^^
  File "<string>", line 2, in get
  File "/usr/lib/python3.12/multiprocessing/managers.py", line 821, in _callmethod
    kind, result = conn.recv()
                   ^^^^^^^^^^^
  File "/usr/lib/python3.12/multiprocessing/connection.py", line 250, in recv
    buf = self._recv_bytes()
          ^^^^^^^^^^^^^^^^^^
  File "/usr/lib/python3.12/multiprocessing/connection.py", line 430, in _recv_bytes
    buf = self._recv(4)
          ^^^^^^^^^^^^^
  File "/usr/lib/python3.12/multiprocessing/connection.py", line 399, in _recv
    raise EOFError
EOFError
Exception in thread Thread-7 (_monitor):
Traceback (most recent call last):
  File "/usr/lib/python3.12/threading.py", line 1073, in _bootstrap_inner
    self.run()
  File "/usr/lib/python3.12/threading.py", line 1010, in run
    self._target(*self._args, **self._kwargs)
  File "/usr/lib/python3.12/logging/handlers.py", line 1574, in _monitor
    record = self.dequeue(True)
             ^^^^^^^^^^^^^^^^^^
  File "/usr/lib/python3.12/logging/handlers.py", line 1523, in dequeue
    return self.queue.get(block)
           ^^^^^^^^^^^^^^^^^^^^^
  File "<string>", line 2, in get
  File "/usr/lib/python3.12/multiprocessing/managers.py", line 821, in _callmethod
    kind, result = conn.recv()
                   ^^^^^^^^^^^
  File "/usr/lib/python3.12/multiprocessing/connection.py", line 250, in recv
    buf = self._recv_bytes()
          ^^^^^^^^^^^^^^^^^^
  File "/usr/lib/python3.12/multiprocessing/connection.py", line 430, in _recv_bytes
    buf = self._recv(4)
          ^^^^^^^^^^^^^
  File "/usr/lib/python3.12/multiprocessing/connection.py", line 399, in _recv
    raise EOFError
EOFError
Exception in thread Thread-6 (_monitor):
Traceback (most recent call last):
  File "/usr/lib/python3.12/threading.py", line 1073, in _bootstrap_inner
    self.run()
  File "/usr/lib/python3.12/threading.py", line 1010, in run
    self._target(*self._args, **self._kwargs)
  File "/usr/lib/python3.12/logging/handlers.py", line 1574, in _monitor
    record = self.dequeue(True)
             ^^^^^^^^^^^^^^^^^^
  File "/usr/lib/python3.12/logging/handlers.py", line 1523, in dequeue
    return self.queue.get(block)
           ^^^^^^^^^^^^^^^^^^^^^
  File "<string>", line 2, in get
  File "/usr/lib/python3.12/multiprocessing/managers.py", line 821, in _callmethod
    kind, result = conn.recv()
                   ^^^^^^^^^^^
  File "/usr/lib/python3.12/multiprocessing/connection.py", line 250, in recv
    buf = self._recv_bytes()
          ^^^^^^^^^^^^^^^^^^
  File "/usr/lib/python3.12/multiprocessing/connection.py", line 430, in _recv_bytes
    buf = self._recv(4)
          ^^^^^^^^^^^^^
  File "/usr/lib/python3.12/multiprocessing/connection.py", line 399, in _recv
    raise EOFError
EOFError
Exception in thread Thread-5 (_monitor):
Traceback (most recent call last):
  File "/usr/lib/python3.12/threading.py", line 1073, in _bootstrap_inner
    self.run()
  File "/usr/lib/python3.12/threading.py", line 1010, in run
    self._target(*self._args, **self._kwargs)
  File "/usr/lib/python3.12/logging/handlers.py", line 1574, in _monitor
    record = self.dequeue(True)
             ^^^^^^^^^^^^^^^^^^
  File "/usr/lib/python3.12/logging/handlers.py", line 1523, in dequeue
    return self.queue.get(block)
           ^^^^^^^^^^^^^^^^^^^^^
  File "<string>", line 2, in get
  File "/usr/lib/python3.12/multiprocessing/managers.py", line 821, in _callmethod
    kind, result = conn.recv()
                   ^^^^^^^^^^^
  File "/usr/lib/python3.12/multiprocessing/connection.py", line 250, in recv
    buf = self._recv_bytes()
          ^^^^^^^^^^^^^^^^^^
  File "/usr/lib/python3.12/multiprocessing/connection.py", line 430, in _recv_bytes
    buf = self._recv(4)
          ^^^^^^^^^^^^^
  File "/usr/lib/python3.12/multiprocessing/connection.py", line 399, in _recv
    raise EOFError
EOFError
Exception in thread Thread-4 (_monitor):
Traceback (most recent call last):
  File "/usr/lib/python3.12/threading.py", line 1073, in _bootstrap_inner
    self.run()
  File "/usr/lib/python3.12/threading.py", line 1010, in run
    self._target(*self._args, **self._kwargs)
  File "/usr/lib/python3.12/logging/handlers.py", line 1574, in _monitor
    record = self.dequeue(True)
             ^^^^^^^^^^^^^^^^^^
  File "/usr/lib/python3.12/logging/handlers.py", line 1523, in dequeue
    return self.queue.get(block)
           ^^^^^^^^^^^^^^^^^^^^^
  File "<string>", line 2, in get
  File "/usr/lib/python3.12/multiprocessing/managers.py", line 821, in _callmethod
    kind, result = conn.recv()
                   ^^^^^^^^^^^
  File "/usr/lib/python3.12/multiprocessing/connection.py", line 250, in recv
    buf = self._recv_bytes()
          ^^^^^^^^^^^^^^^^^^
  File "/usr/lib/python3.12/multiprocessing/connection.py", line 430, in _recv_bytes
    buf = self._recv(4)
          ^^^^^^^^^^^^^
  File "/usr/lib/python3.12/multiprocessing/connection.py", line 399, in _recv
    raise EOFError
EOFError
Exception in thread Thread-3 (_monitor):
Traceback (most recent call last):
  File "/usr/lib/python3.12/threading.py", line 1073, in _bootstrap_inner
    self.run()
  File "/usr/lib/python3.12/threading.py", line 1010, in run
    self._target(*self._args, **self._kwargs)
  File "/usr/lib/python3.12/logging/handlers.py", line 1574, in _monitor
    record = self.dequeue(True)
             ^^^^^^^^^^^^^^^^^^
  File "/usr/lib/python3.12/logging/handlers.py", line 1523, in dequeue
    return self.queue.get(block)
           ^^^^^^^^^^^^^^^^^^^^^
  File "<string>", line 2, in get
  File "/usr/lib/python3.12/multiprocessing/managers.py", line 821, in _callmethod
    kind, result = conn.recv()
                   ^^^^^^^^^^^
  File "/usr/lib/python3.12/multiprocessing/connection.py", line 250, in recv
    buf = self._recv_bytes()
          ^^^^^^^^^^^^^^^^^^
  File "/usr/lib/python3.12/multiprocessing/connection.py", line 430, in _recv_bytes
    buf = self._recv(4)
          ^^^^^^^^^^^^^
  File "/usr/lib/python3.12/multiprocessing/connection.py", line 399, in _recv
    raise EOFError
EOFError
Exception in thread Thread-2 (_monitor):
Traceback (most recent call last):
  File "/usr/lib/python3.12/threading.py", line 1073, in _bootstrap_inner
    self.run()
  File "/usr/lib/python3.12/threading.py", line 1010, in run
    self._target(*self._args, **self._kwargs)
  File "/usr/lib/python3.12/logging/handlers.py", line 1574, in _monitor
    record = self.dequeue(True)
             ^^^^^^^^^^^^^^^^^^
  File "/usr/lib/python3.12/logging/handlers.py", line 1523, in dequeue
    return self.queue.get(block)
           ^^^^^^^^^^^^^^^^^^^^^
  File "<string>", line 2, in get
  File "/usr/lib/python3.12/multiprocessing/managers.py", line 821, in _callmethod
    kind, result = conn.recv()
                   ^^^^^^^^^^^
  File "/usr/lib/python3.12/multiprocessing/connection.py", line 250, in recv
    buf = self._recv_bytes()
          ^^^^^^^^^^^^^^^^^^
  File "/usr/lib/python3.12/multiprocessing/connection.py", line 430, in _recv_bytes
    buf = self._recv(4)
          ^^^^^^^^^^^^^
  File "/usr/lib/python3.12/multiprocessing/connection.py", line 399, in _recv
    raise EOFError
EOFError
