robustScaler(False,False);fastICA(76,'deflation','unit-variance','cube');Balancing('none');mlpClassifier((34, 1),0.05151691612522493,0.08427950137905656,'lbfgs','tanh')
Fitness: 0.9932456140350878
Prediction: [2 1 1 1 1 2 1 0 2 1 0 2 2 2 0 0 0 1 1 2 1 2 1 2 2 0 2 1 2 1 1 1 1 1 1 1 1
 1 1 1 2 2 1 2 2 0 2 1 2 2 0 0 1 2 2 2 1 1 2 1 1 2 1 1 1 1 2 2 1 2 1 2 0 1
 2 2 2 2 2 1 2 2 1 2 0 2 2 2 0 1 1 1 2 2 0 2 1 2 1 2 2 1 2 1 1 1 2 1 1 1 2
 2 1 2 2 2 2 2 1 0 1 1 2 2 1 0 1 1 0 2 1 1 2 1 1 2 2 2 2 2 1 1 2 2 2 2 1 1
 2 2 1 2 0 1 1 2 2 1 2 2 1 2 2 2 1 2 1 1 2 2 1 2 2 1 1 1 2 1 2 1 2 2 2 2 1
 1 2 2 1 1 2 1 2 1 2 1 1 2 1 1 1 1 2 1 1 1 1 1 2 0 1 1 2 2 1 2 1 1 0 2 1 1
 2 1 2 1 2 1 1 1 1 2 2 1 2 2 1 2 2 2 2 1 2 2 1 1 1 2 1 1 2 1 2 1 2 2 1 2 2
 1 1 1 2 2 2 2 1 1 2 2 2 1 1 2 1 2 2 2 2 2 1 1 2 1 1 1 2 2 1 1 1 2 2 2 2 2
 2 2 2 2 1 1 1 1 1 1 2 2 1 1 2 2 2 1 1 2 2 2 2 1 1 1 1 2 1 2 1 1 2 2 1 2 1
 0 1 2 2 1 1 1 1 0 1 0 2 1 1 1 2 0 2 1 1 2 0 2 1 2 2 1 1 0 1 1 1 2 1 2 2 1
 1 2 1 1 2 0 1 1 1 1 1 1 1 2 1 1 2 1 1 1 0 1 2 1 2 1 2 1 2 2 0 2 1 1 1 2 2
 2 2 2 2 1 1 2 2 2 2 1 1]
