robustScaler(True,False);maxAbsScaler();randomForest(94,'gini',0.7505059984476125,18,4,False,'balanced')
Fitness: 0.8957624113475177
Prediction: [0 0 0 0 1 0 1 0 0 1 0 0 1 0 1 0 0 0 0 0 0 0 0 0 0 0 0 0 0 0 0 0 0 0 1 0 0
 0 1 0 0 1 0 0 0 0 0 0 0 1 0 1 0 1 1 0 1 1 1 0 1 1 0 0 0 0 0 0 1 0 0 1 0 1
 0 0 0 1 1 0 0 1 1 0 0 0 0 0 1 0 0 0 0 0 0 0 0 0 0 0 0 0 0 0 0 0 0 0 0 0 0
 0 1 1 0 0 0 0 0 0 0 0 0 1 1 0 0 0 1 0 1 1 0 0 0 0 0 1 1 0 1 0 0 0 1 0 0 0
 0 0 0 1 0 0 0 0 1 0 0 0 1 1 0 0 0 0 0 1 0 1 0 0 1 0 0 1 0 0 0 0 0 0 1 0 0
 0 0 0 0 0 0 0 0 0 1 0 1 0 0 1 0 1 0 0 0 0 0 0 0 0 0 0 0 0 0 1 1 0 0 0 0 0
 0 1 0 0 0 1 0 0 0 1 0 0 0 0 0 1 0 1 0 1 1 0 1 1 1 0 1 0 1 1 0 0 0 0 0 0 0
 0 0 0 0 0 1 0 0 0 0 0 0 0 0 1 0 1 0 0 0 1 0 0 1 0 0 0 0 0]
