                                       fitness                                            size                                        fitness_elite                                      size_elite              
                 ----------------------------------------------------    --------------------------------------    ----------------------------------------------------    --------------------------------------
gen    nevals    min           max           avg           std           min    max    avg           std           min           max           avg           std           min    max    avg           std       
0      200       0.47253       0.87322       0.63546       0.11894       1      6      2.77          1.318         0.7832        0.87322       0.81104       0.025707      1      5      2.1           1.2207    
1      177       0.48862       0.87322       0.68028       0.11513       1      6      2.76          1.2257        0.78834       0.87322       0.82455       0.021576      1      5      2.15          1.2359    
2      167       0.49371       0.88423       0.71724       0.11008       1      6      2.6768        1.2377        0.8139        0.88423       0.84046       0.023043      1      4      2.35          1.1522    
3      175       0.49112       0.88423       0.74223       0.1012        1      5      2.6751        1.2406        0.82825       0.88423       0.85518       0.016287      1      5      2.3           1.1446    
4      166       0.48746       0.88423       0.77918       0.085943      1      5      2.7157        1.2826        0.82825       0.88423       0.86047       0.016738      1      5      2.5           1.2845    
5      150       0.5           0.89427       0.81118       0.058312      1      5      2.7062        1.2646        0.84045       0.89427       0.87017       0.011151      1      3      1.95          0.9206    
6      159       0.49112       0.89427       0.82099       0.068589      1      5      2.4375        1.1302        0.85535       0.89427       0.87439       0.0078448     1      3      2             0.94868   
7      154       0.5           0.89427       0.8408        0.053852      1      5      2.2032        1.0754        0.86895       0.89427       0.87912       0.0079429     1      3      1.9           0.9434    
8      122       0.5           0.89427       0.8406        0.064923      1      5      2.3681        1.0699        0.87322       0.89427       0.88365       0.0067584     1      3      2.15          0.90967   
9      120       0.49583       0.89427       0.85253       0.055617      1      5      2.2114        1.0231        0.87322       0.89427       0.88592       0.0071773     1      5      2.3           1.0536    
10     98        0.70495       0.89427       0.86683       0.03376       1      5      2.2588        0.91591       0.87322       0.89427       0.88757       0.0072126     1      5      2.35          1.0137    
11     69        0.77896       0.89427       0.87951       0.019103      1      5      2.2667        0.82487       0.87322       0.89427       0.88981       0.0069803     1      5      2.3           1.0536    
12     73        0.79752       0.89576       0.8822        0.017854      1      5      2.225         0.82878       0.87322       0.89576       0.891         0.0060952     1      3      2.2           0.87178   
13     70        0.77078       0.89576       0.88351       0.020231      1      5      2.0192        0.84331       0.87322       0.89576       0.89111       0.0061222     1      3      2.2           0.87178   
14     58        0.49366       0.89576       0.88321       0.039267      1      5      1.8355        0.89915       0.87322       0.89576       0.89103       0.0060987     1      3      2.1           0.88882   
--- 3602.8944194316864 sec ---
