simpleImputer('median');robustScaler(True,True);adaBoost(decisionTree('friedman_mse',7,5,0.8110742367826583,5),100,0.16499471741526833,'SAMME')
Fitness: 0.47765638539400646
Prediction: [-0.58095615 -0.83869819 -0.93820272  1.73918358 -0.5067059   0.27287582
  0.61467212  0.11408869 -1.43695164  0.76068754  0.27347956 -1.20615917
  0.23281876 -0.10125238  0.68749373 -0.13060354  0.76723238  0.26308938
  0.96100983 -0.5020367  -0.57521733 -1.67413204 -1.07720084  0.44576586
 -0.78548931  1.24296152 -1.24129455  0.51908824 -1.21819752  0.34686773
  1.12862875  0.30988358  0.73845143  0.545061    0.29511911  0.73845143
  0.12063479 -2.15446866 -0.28052834  0.38165726  0.48803066 -0.99042068
  0.28303597 -1.78347008  1.35125851  0.61748427  0.87871567  0.74711776
  0.82525922 -1.64836797  0.03411269 -0.566851    0.2335171   0.1129296
  0.05355709 -0.21909967  0.00684593  0.31650778  0.25453353  1.03656778
 -0.25602626 -1.97025358 -1.40464702 -0.61390204  1.53693101  1.07106503
  1.04813305  0.05945153  0.39323741  0.46616402  1.20533706  0.00638529
  0.42957463  0.36644546  1.33582506  0.45445829  0.12063479  1.17312131
  0.68635129 -0.13613217  0.9592316   0.44977361 -0.07233502  0.99312918
 -0.20450727  0.40473534  1.41562355  0.43222853 -0.53786345  0.34253757
 -0.75226579 -0.25207116  0.10697366 -1.61356607  1.44053709  1.30400877
  0.40750239  0.61773968  0.37771961  0.91678927  0.08531479  0.28474724
 -1.28091752 -0.47392642 -0.32166752  0.98544443 -1.27893461 -1.09433072
  0.56136858  0.67548786  0.31801307  0.4887129   0.67823363  0.27489927
 -0.48235374  0.51269291 -1.01015649 -1.09433072 -1.21954179  0.23925909
 -0.08012177  0.66355916  0.74003714  0.86996796  0.77422398 -1.28821703
 -0.36190676 -0.34098872 -0.10854604  0.94956033  0.78748331  0.58416867
 -0.34158448  1.00483847  0.33241335 -0.66202174  0.20710505  0.20304124
  0.26735362 -2.03662199 -1.71985875 -0.6208042  -0.60562824  0.19292957
  0.36859361  0.98791881 -0.34998597 -1.81435025 -0.32006112 -0.70184713
  1.72167274  1.6362633   0.49563059 -2.22015301 -0.10220399  0.66628973
  1.17625539  0.42605775 -0.22942615  0.34253757  0.45393832 -0.03786619
  0.86071836 -1.21379745  1.33928522 -0.10125238  0.92250296  1.25304625
  0.1977847  -1.38985204  0.35818209 -0.51994651 -0.31759417  1.9783122
  1.26591688  0.15907984  0.22963012  0.22097497 -0.2178235   2.0776386
  0.66730473  1.41087391  0.58181104 -0.38681957  0.7173875  -1.3884189
  0.6580601   0.60104828 -1.6717976   0.69309947  0.24280657 -0.20871308
 -0.72137966  0.58880291  0.22105019  0.03033663 -0.42186023  0.34811213
  0.87871567 -1.45781493  0.34118057 -1.23196753 -1.86557208  1.17312131
  0.61467212 -1.42369376 -1.29915859  0.65916803  0.42082384 -0.65551217
  1.05937939 -0.41253638  0.97162941 -0.62887187 -1.1276519   0.63894561
 -1.2430338   0.69981085  0.58880291  0.10967645 -1.48360456  0.14085644
 -0.96621628  0.00385789  0.70733348 -1.22315513  1.34424621 -0.45049946
  0.31801307 -0.28621857  0.07735313 -2.20229946  0.05961172  0.36644546
  0.1749788  -0.25111084 -1.86726374 -0.28719903  0.5568581  -0.89231126
  1.46954168  0.20289158 -1.5902413  -0.58220706 -2.04473536 -1.54893552
 -0.53294856  1.3443327   0.38771837 -0.07609946  1.00483847  0.21144
  0.30074837  0.87983098  1.42599385 -1.14633348 -2.10521293 -0.97318542
 -0.69544714  0.75961202  0.29511911  0.6757781   0.65359427  0.33913946
 -1.3932388   0.38771837 -2.01023286  0.42805819 -0.96742251 -0.41753093
  1.34139478  1.42634282  0.37708225 -0.31041469  0.02234253 -1.27679056
 -0.10220399 -0.32408577 -1.12115781 -1.03295566  0.69981085  0.2785673
  1.07106503  0.31655046  0.91287886 -1.58449991 -0.53842292 -1.41293561
  0.76136306 -0.5141605  -0.06344193 -1.33418738  0.06133827  0.65916803
  0.70945975 -1.11482071  0.77311442  1.26458703  0.02353268  0.46303543
  0.67927669  0.32804245  0.67454141 -1.29637274  0.35275092 -1.49946577
 -1.41293561  1.34424621  0.43172804 -0.59658597 -1.50223919  0.92637797
  0.50465915  0.01438567 -0.39166626  0.74988378  0.69350352 -0.52968844
 -0.80250931  0.03047723  0.55514453  0.04260043  1.59792457 -0.94107187
  0.42352243 -2.24710914  0.74428272  0.86112812  0.82510264 -0.89485963
 -1.8377341   0.51704072 -0.1865703  -1.57936223  0.61773968]
