                                       fitness                                            size                                        fitness_elite                                      size_elite              
                 ----------------------------------------------------    --------------------------------------    ----------------------------------------------------    --------------------------------------
gen    nevals    min           max           avg           std           min    max    avg           std           min           max           avg           std           min    max    avg           std       
0      200       0.45519       0.87269       0.6285        0.12301       1      6      2.99          1.3453        0.76293       0.87269       0.81611       0.026438      1      5      2.4           1.2806    
1      169       0.41895       0.87269       0.67457       0.12423       1      6      2.9798        1.3103        0.79574       0.87269       0.82825       0.020666      1      4      2.3           1.005     
2      176       0.41895       0.87269       0.69835       0.12682       1      6      2.7525        1.2927        0.8058        0.87269       0.83722       0.019844      1      4      2.4           0.91652   
3      174       0.49792       0.87269       0.73354       0.11663       1      6      2.7424        1.2347        0.83108       0.87269       0.85652       0.013178      1      4      2.2           0.8124    
4      172       0.5           0.87269       0.77231       0.09278       1      6      2.5128        1.2126        0.83108       0.87269       0.86092       0.011778      1      3      2.05          0.73993   
5      164       0.56492       0.88584       0.79616       0.075671      1      5      2.4844        1.2032        0.86505       0.88584       0.87204       0.0063336     1      3      1.8           0.74833   
6      150       0.52375       0.89001       0.82736       0.05575       1      5      2.3421        1.1534        0.86505       0.89001       0.87523       0.0071938     1      3      1.9           0.83066   
7      150       0.49792       0.89001       0.82514       0.075036      1      5      2.1596        1.0649        0.86542       0.89001       0.87807       0.0061651     1      3      1.85          0.79215   
8      127       0.4202        0.89001       0.83772       0.067545      1      5      2.0978        0.93901       0.86853       0.89001       0.88026       0.00616       1      3      1.85          0.72629   
9      119       0.50777       0.90751       0.85557       0.040745      1      5      1.978         0.85135       0.86853       0.90751       0.88583       0.0071361     1      3      1.9           0.43589   
10     139       0.59556       0.90751       0.86076       0.035951      1      3      1.7143        0.63394       0.86853       0.90751       0.89022       0.0087042     1      3      1.85          0.47697   
11     102       0.76839       0.90751       0.86747       0.025026      1      4      1.8462        0.6449        0.86853       0.90751       0.8926        0.0083582     1      3      1.8           0.5099    
12     122       0.62972       0.90751       0.8685        0.038197      1      4      1.8407        0.65624       0.88399       0.90751       0.89439       0.0061678     1      3      1.85          0.47697   
--- 3602.168004512787 sec ---
