                                       fitness                                            size                                        fitness_elite                                      size_elite              
                 ----------------------------------------------------    --------------------------------------    ----------------------------------------------------    --------------------------------------
gen    nevals    min           max           avg           std           min    max    avg           std           min           max           avg           std           min    max    avg           std       
0      200       0.4376        0.88536       0.65039       0.12951       1      5      2.935         1.277         0.76075       0.88536       0.82292       0.039055      1      4      2.4           1.0198    
1      185       0.49792       0.88536       0.68864       0.13007       1      5      2.9192        1.2117        0.81611       0.88536       0.85216       0.021509      1      4      2.75          0.94207   
2      163       0.4699        0.88536       0.72101       0.12198       1      5      2.8974        1.159         0.83201       0.88536       0.86047       0.017304      1      4      2.3           1.005     
3      168       0.49792       0.91277       0.76364       0.10916       1      5      2.8083        1.156         0.86037       0.91277       0.87498       0.012643      1      4      2.15          1.0618    
4      163       0.49958       0.91277       0.80224       0.091125      1      5      2.7853        1.1445        0.86037       0.91277       0.88172       0.010952      1      4      2             0.89443   
5      158       0.5           0.91277       0.834         0.059333      1      5      2.6283        1.1036        0.8736        0.91277       0.88847       0.010376      1      4      1.85          0.79215   
6      142       0.5           0.91277       0.83449       0.078917      1      5      2.4866        1.1533        0.87666       0.91277       0.89039       0.0094212     1      4      1.85          0.79215   
7      146       0.49792       0.91277       0.84484       0.071534      1      5      2.1505        1.0721        0.87935       0.91277       0.89434       0.0086334     1      4      1.9           0.83066   
8      131       0.5           0.91277       0.86299       0.048703      1      5      1.9731        1.0495        0.88536       0.91277       0.89832       0.0062142     1      4      2.2           0.92736   
9      147       0.51111       0.92106       0.8653        0.047453      1      5      1.9027        0.98158       0.88536       0.92106       0.90199       0.0082033     1      4      2.25          0.94207   
10     133       0.49792       0.92106       0.86493       0.063884      1      5      1.9672        0.98014       0.89652       0.92106       0.9066        0.0060391     1      4      2.1           0.9434    
11     113       0.5           0.92106       0.87824       0.040941      1      4      2.0552        0.87774       0.89652       0.92106       0.90836       0.0056456     1      4      2.25          1.1347    
12     131       0.5           0.92106       0.87705       0.057388      1      4      2.0773        0.86336       0.90586       0.92106       0.91184       0.004113      1      4      2             1.1402    
13     126       0.6925        0.92106       0.88886       0.027021      1      4      2.1547        0.93333       0.90893       0.92106       0.91342       0.0039236     1      4      2             1.2247    
14     101       0.68985       0.92106       0.89352       0.026646      1      4      2.2247        0.99157       0.90961       0.92106       0.91444       0.0038631     1      4      1.85          1.0618    
--- 3601.345933198929 sec ---
