                                       fitness                                            size                                        fitness_elite                                      size_elite              
                 ----------------------------------------------------    --------------------------------------    ----------------------------------------------------    --------------------------------------
gen    nevals    min           max           avg           std           min    max    avg           std           min           max           avg           std           min    max    avg           std       
0      200       0.47387       0.87594       0.64061       0.1258        1      5      2.885         1.2656        0.78432       0.87594       0.8288        0.023459      1      5      2.8           1.077     
1      170       0.49583       0.87594       0.6846        0.12871       1      5      2.9141        1.2382        0.79874       0.87594       0.8382        0.019159      1      5      2.55          1.2031    
2      175       0.49583       0.90473       0.72918       0.12024       1      6      2.8769        1.2259        0.81611       0.90473       0.85888       0.018887      1      5      2.35          0.90967   
3      178       0.49792       0.90473       0.7623        0.10398       1      6      2.933         1.2684        0.81611       0.90473       0.86601       0.017062      1      3      1.9           0.76811   
4      158       0.49792       0.90473       0.7845        0.098883      1      6      2.8187        1.1621        0.85478       0.90473       0.87234       0.013035      1      3      1.95          0.73993   
5      167       0.5           0.90473       0.81964       0.077712      1      6      2.7421        1.1751        0.86386       0.90473       0.87945       0.011675      1      3      2.35          0.72629   
6      168       0.49792       0.90473       0.81536       0.092944      1      5      2.5979        1.0824        0.86905       0.90473       0.88481       0.0099105     1      3      2.4           0.66332   
7      151       0.57735       0.90473       0.84767       0.047637      1      5      2.4624        1.0732        0.86905       0.90473       0.88879       0.0092209     1      3      2.3           0.71414   
8      156       0.5           0.90473       0.84589       0.057383      1      5      2.3763        0.96067       0.87594       0.90473       0.89333       0.0070877     1      3      2.2           0.8124    
9      145       0.5           0.90473       0.84454       0.073786      1      5      2.2742        0.90106       0.88539       0.90473       0.89542       0.0052823     1      3      2.2           0.8124    
10     143       0.7827        0.90473       0.8732        0.028091      1      5      2.2324        0.89746       0.88539       0.90473       0.89571       0.0051951     1      3      2.3           0.78102   
--- 3603.027492046356 sec ---
