                                       fitness                                            size                                        fitness_elite                                      size_elite              
                 ----------------------------------------------------    --------------------------------------    ----------------------------------------------------    --------------------------------------
gen    nevals    min           max           avg           std           min    max    avg           std           min           max           avg           std           min    max    avg           std       
0      200       0.44709       0.83423       0.62116       0.10942       1      6      2.885         1.3045        0.75721       0.83423       0.79646       0.020712      1      4      2.05          0.9734    
1      177       0.44709       0.84379       0.64492       0.11566       1      6      2.6515        1.2039        0.77765       0.84379       0.8063        0.016816      1      4      2.05          0.9734    
2      173       0.44861       0.84379       0.6888        0.099867      1      5      2.7157        1.1401        0.76414       0.84379       0.81001       0.016438      1      4      2.2           1.077     
3      173       0.49158       0.84379       0.7039        0.10571       1      5      2.6198        1.162         0.76414       0.84379       0.8127        0.019056      1      4      2.3           1.0536    
4      168       0.5           0.84379       0.71543       0.10341       1      5      2.5979        1.1716        0.76414       0.84379       0.81237       0.019234      1      4      2.1           0.99499   
5      163       0.49426       0.84379       0.73653       0.096874      1      5      2.5503        1.1473        0.80229       0.84379       0.81935       0.011291      1      4      2.2           1.2083    
--- 3661.6744656562805 sec ---
