simpleImputer('most_frequent');robustScaler(False,True);adaBoost(decisionTree('friedman_mse',29,20,0.6492162487479084,5),55,0.2960306577367277,'SAMME.R')
Fitness: 12.128495820655733
Prediction: [3.15789474e-01 2.10526316e-01 1.66666667e-01 4.21052632e-01
 4.00000000e+00 0.00000000e+00 3.68421053e-01 0.00000000e+00
 2.94117647e-01 7.50000000e-01 3.63636364e-01 5.88235294e-01
 2.41379310e-01 0.00000000e+00 9.09090909e-02 8.33333333e-02
 3.75000000e-01 5.45454545e-01 0.00000000e+00 6.66666667e-02
 6.66666667e-01 1.81000000e+02 0.00000000e+00 2.50000000e-01
 0.00000000e+00 0.00000000e+00 0.00000000e+00 2.66666667e-01
 1.33333333e-01 1.66666667e-01 5.88235294e-02 0.00000000e+00
 6.25000000e-01 0.00000000e+00 3.52941176e-01 2.63157895e-01
 2.66666667e-01 0.00000000e+00 3.33333333e-01 1.10000000e+00
 1.42857143e-01 0.00000000e+00 7.69230769e-02 1.05263158e-01
 2.50000000e-01 4.44444444e-01 0.00000000e+00 2.14285714e-01
 0.00000000e+00 7.69230769e-01 2.60000000e+01 4.54545455e-01
 1.11111111e-01 3.07692308e-01 6.42857143e-01 4.00000000e-01
 0.00000000e+00 3.63636364e-01 2.14285714e-01 7.50000000e-01
 7.89473684e-01 5.00000000e-01 1.62500000e+00 1.05263158e-01
 3.57142857e-01 0.00000000e+00 5.00000000e-01 0.00000000e+00
 2.66666667e-01 0.00000000e+00 9.41176471e-01 0.00000000e+00
 1.57894737e-01 3.12500000e-01 2.10526316e-01 0.00000000e+00
 0.00000000e+00 0.00000000e+00 3.33333333e-01 2.00000000e-01
 2.22222222e-01 2.22222222e-01 0.00000000e+00 0.00000000e+00
 1.66666667e-01 4.81481481e-01 0.00000000e+00 2.50000000e-01
 2.00000000e-01 5.00000000e-01 1.11111111e-01 2.35294118e-01
 7.25000000e-01 0.00000000e+00 5.55555556e-01 1.66666667e-01
 0.00000000e+00 0.00000000e+00 1.36363636e-01 1.25000000e-01
 3.15789474e-01 1.66666667e-01 0.00000000e+00 1.25000000e+00
 1.26315789e+00 9.33333333e-01 6.87500000e-01 1.66666667e+00
 0.00000000e+00 4.66666667e-01 2.85714286e-01 0.00000000e+00
 4.70588235e-01 0.00000000e+00 4.54545455e-01 3.33333333e-01
 1.23076923e+00 2.00000000e-01 3.75000000e-01 3.52941176e-01
 4.66666667e-01 2.00000000e-01 1.57894737e-01 2.94117647e-01
 0.00000000e+00 0.00000000e+00 2.85714286e-01 1.42857143e-01
 0.00000000e+00 1.14285714e+00 5.00000000e-02 1.85185185e-01
 1.20000000e+00 1.42857143e-01 3.33333333e-01 3.12500000e-01
 1.11111111e-01 2.85714286e-01 0.00000000e+00 2.94117647e-01
 0.00000000e+00 0.00000000e+00 4.54545455e-01 6.66666667e-01
 4.54545455e-01 5.26315789e-01 4.21052632e-01 3.33333333e-01
 3.75000000e-01 1.87500000e-01 1.81818182e-01 0.00000000e+00
 0.00000000e+00 2.94117647e-01 5.45454545e-01 0.00000000e+00
 0.00000000e+00 3.00000000e-01 3.12500000e-01 6.66666667e-01
 6.00000000e-01 1.57894737e-01 1.66666667e-01 2.10526316e-01
 0.00000000e+00 5.00000000e-02 3.33333333e-01 4.28571429e-01
 2.00000000e-01 2.00000000e-01 0.00000000e+00 7.14285714e-02
 7.64705882e-01 2.22222222e-01 2.72727273e-01 1.66666667e-01
 3.68421053e-01 9.41176471e-01 5.88235294e-01 3.57142857e-01
 0.00000000e+00 0.00000000e+00 3.33333333e-01 1.25000000e-01
 6.25000000e-01 1.05263158e-01 8.90000000e+01 0.00000000e+00
 2.94117647e-01 2.94117647e-01 3.12500000e-01 4.21052632e-01
 3.33333333e-01 6.66666667e-02 0.00000000e+00 2.72727273e-01
 4.28571429e-01 0.00000000e+00 0.00000000e+00 0.00000000e+00
 2.00000000e-01 3.00000000e+00 0.00000000e+00 5.00000000e-01
 1.25000000e-01 2.72727273e-01 1.53846154e-01 3.23000000e+02
 2.00000000e-01 0.00000000e+00 0.00000000e+00 2.00000000e-01
 8.33333333e-02 2.14285714e-01 0.00000000e+00 1.87500000e-01
 4.54545455e-01 1.85714286e+00 7.69230769e-02 4.66666667e-01
 5.88235294e-01 0.00000000e+00 0.00000000e+00 0.00000000e+00
 3.57142857e-01 4.00000000e-01 2.41379310e-01 3.57142857e-01
 0.00000000e+00 0.00000000e+00 1.05263158e+00 6.25000000e-01
 2.85714286e-01 0.00000000e+00 8.66666667e-01 4.11764706e-01
 3.15789474e-01 2.00000000e-01 9.44444444e-01 3.33333333e-01
 1.25000000e-01 0.00000000e+00 0.00000000e+00 2.35294118e-01
 0.00000000e+00 2.85714286e-01 6.47058824e-01 3.12500000e-01
 0.00000000e+00 2.00000000e-01 0.00000000e+00 3.33333333e-01
 3.33333333e-01 2.94117647e-01 2.63157895e-01 2.22222222e-01
 1.42857143e-01 3.57142857e-01 3.33333333e-01 2.35294118e-01
 0.00000000e+00 5.00000000e-02 2.66666667e-01 1.36363636e-01
 0.00000000e+00 0.00000000e+00 0.00000000e+00 1.66666667e-01
 6.84210526e-01 6.66666667e-01 2.23529412e+00 6.25000000e-01
 1.53846154e-01 1.05882353e+00 6.00000000e-01 0.00000000e+00
 1.42857143e-01 0.00000000e+00 5.00000000e-01 3.75000000e-01
 0.00000000e+00 1.00000000e+00 0.00000000e+00 0.00000000e+00
 6.25000000e-02 3.33333333e-01 0.00000000e+00 2.00000000e-01
 3.12500000e-01 2.14285714e-01 0.00000000e+00 2.14285714e-01
 1.63636364e+00 2.85714286e-01 6.07000000e+02 1.58333333e+00
 5.71428571e-01 0.00000000e+00 1.66666667e-01 1.81818182e-01
 1.05263158e-01 4.54545455e-01 1.33333333e-01 3.52941176e-01
 0.00000000e+00 3.63636364e-01 5.55555556e-01 5.00000000e-01
 5.55555556e-02 1.53846154e-01 0.00000000e+00 0.00000000e+00
 0.00000000e+00 3.12500000e-01 1.28571429e+00 0.00000000e+00
 0.00000000e+00 2.72727273e-01 3.12500000e-01 1.21428571e+00
 4.00000000e-01 2.14285714e-01 0.00000000e+00 0.00000000e+00
 6.42857143e-01 3.33333333e-01 2.50000000e-01 1.81818182e-01
 2.72727273e-01 0.00000000e+00 0.00000000e+00 3.57142857e-01
 2.85714286e-01 1.00000000e+00 5.55555556e-01 0.00000000e+00
 1.25000000e+00 4.28571429e-01 5.00000000e-02 1.00000000e+00
 2.63157895e-01 3.07692308e-01 2.50000000e-01 3.57142857e-01
 4.54545455e-01 2.22222222e-01 2.41379310e-01 4.00000000e-01
 0.00000000e+00 0.00000000e+00 0.00000000e+00 1.42857143e-01
 3.15789474e-01 1.42857143e-01 0.00000000e+00 5.29411765e-01
 0.00000000e+00 3.33333333e-01 0.00000000e+00 2.85714286e-01
 6.00000000e-01 0.00000000e+00 6.66666667e-01 2.14285714e-01
 4.44444444e-01 4.00000000e-01 4.87804878e-02 1.23076923e+00
 2.85714286e-01 0.00000000e+00 1.00000000e+00 6.66666667e-02
 2.35294118e-01 0.00000000e+00 2.35294118e-01]
