                                       fitness                                            size                                        fitness_elite                                      size_elite              
                 ----------------------------------------------------    --------------------------------------    ----------------------------------------------------    --------------------------------------
gen    nevals    min           max           avg           std           min    max    avg           std           min           max           avg           std           min    max    avg           std       
0      50        0.33333       0.97143       0.88701       0.14218       1      5      2.64          1.3381        0.95238       0.97143       0.95619       0.007619      2      3      2.2           0.4       
1      45        0.33333       0.97143       0.91138       0.10502       1      5      2.7021        1.2702        0.95238       0.97143       0.9581        0.007619      1      3      2             0.63246   
2      38        0.33333       0.97143       0.92632       0.098798      1      5      2.4651        1.1684        0.95238       0.97143       0.9619        0.0060234     1      2      1.8           0.4       
3      40        0.91759       0.97143       0.9448        0.014293      1      4      2.0732        0.7454        0.9619        0.97143       0.96381       0.0038095     1      2      1.8           0.4       
4      33        0.92381       0.97143       0.94737       0.013243      1      4      2.0263        0.62773       0.9619        0.97143       0.96381       0.0038095     1      2      1.8           0.4       
5      30        0.92381       0.97143       0.95317       0.010618      1      4      2.25          0.86201       0.9619        0.97143       0.96571       0.0046657     2      2      2             0         
--- 76.57577109336853 sec ---
