                                       fitness                                            size                                        fitness_elite                                      size_elite              
                 ----------------------------------------------------    --------------------------------------    ----------------------------------------------------    --------------------------------------
gen    nevals    min           max           avg           std           min    max    avg           std           min           max           avg           std           min    max    avg           std       
0      200       0.48782       0.76738       0.5756        0.083231      1      6      2.77          1.318         0.67925       0.76738       0.71048       0.026523      1      4      2.4           1.1576    
1      173       0.48965       0.76738       0.60659       0.08797       1      6      2.804         1.1634        0.68967       0.76738       0.72785       0.018594      1      4      2.35          0.96307   
2      165       0.48693       0.76738       0.63395       0.084984      1      5      2.7387        1.1997        0.68967       0.76738       0.73171       0.017524      1      4      2.3           0.78102   
3      166       0.48693       0.76738       0.64429       0.083753      1      5      2.8794        1.2503        0.71726       0.76738       0.73852       0.012444      1      3      2.25          0.62249   
4      177       0.48824       0.76738       0.65752       0.078981      1      5      2.7385        1.176         0.72956       0.76738       0.74464       0.0088059     1      3      2             0.63246   
5      170       0.48618       0.76738       0.67326       0.071867      1      5      2.6458        1.1178        0.72265       0.76738       0.74449       0.0094641     1      3      2             0.63246   
6      169       0.48693       0.76738       0.68075       0.069477      1      5      2.6562        1.0688        0.72265       0.76738       0.74466       0.0095415     1      3      2.05          0.58949   
--- 3674.078127145767 sec ---
