                                       fitness                                            size                                        fitness_elite                                      size_elite              
                 ----------------------------------------------------    --------------------------------------    ----------------------------------------------------    --------------------------------------
gen    nevals    min           max           avg           std           min    max    avg           std           min           max           avg           std           min    max    avg           std       
0      200       0.48654       0.8662        0.65311       0.12762       1      6      2.885         1.3045        0.79458       0.8662        0.82881       0.024178      1      4      2.5           1.1619    
1      181       0.45336       0.8662        0.68992       0.12953       1      6      2.725         1.2163        0.81209       0.8662        0.84612       0.015751      1      4      2.65          1.0137    
2      176       0.49574       0.8662        0.71279       0.12398       1      6      2.595         1.2251        0.83378       0.8662        0.85262       0.010824      1      5      2.7           1.0536    
3      175       0.49574       0.87733       0.76272       0.11824       1      5      2.6429        1.1628        0.83644       0.87733       0.8597        0.009179      1      4      2.6           1.0677    
4      169       0.49787       0.87733       0.78057       0.11188       1      5      2.6582        1.1782        0.85502       0.87733       0.86526       0.0052725     1      5      2.7           1.1446    
5      169       0.49787       0.89309       0.79355       0.10841       1      6      2.8367        1.1446        0.85927       0.89309       0.86938       0.0076402     1      4      2.65          1.1079    
6      167       0.49787       0.89309       0.81652       0.075906      1      6      2.8718        1.1675        0.85927       0.89309       0.87083       0.0075462     1      4      2.6           1.1136    
7      162       0.45065       0.89309       0.81804       0.077945      1      5      2.7846        1.196         0.85927       0.89309       0.87268       0.0074077     1      4      2.4           1.241     
8      168       0.49149       0.89309       0.82724       0.069607      1      5      2.7487        1.2209        0.85927       0.89309       0.87503       0.0071624     1      4      2.25          1.1779    
9      156       0.49149       0.89309       0.83286       0.070289      1      5      2.6443        1.2445        0.86221       0.89309       0.87759       0.0061966     1      4      2.1           1.0909    
10     154       0.5           0.90584       0.8385        0.058187      1      5      2.5103        1.1895        0.87462       0.90584       0.88274       0.0078405     1      4      2.35          1.0618    
11     153       0.55306       0.90584       0.85017       0.042696      1      5      2.433         1.1833        0.87593       0.90584       0.88533       0.0069782     1      4      2.05          0.9734    
12     152       0.5           0.90584       0.8525        0.045055      1      5      2.4485        1.1168        0.87733       0.90584       0.88633       0.0065335     1      3      2.1           0.88882   
13     148       0.49787       0.90584       0.8577        0.04514       1      6      2.2784        1.1145        0.87773       0.90584       0.88739       0.0061538     1      3      2.2           0.8124    
14     131       0.5           0.90584       0.85636       0.049157      1      5      2.3886        1.0866        0.87773       0.90584       0.88813       0.0059681     1      3      2.2           0.8124    
15     142       0.54247       0.90584       0.86077       0.047148      1      5      2.3523        1.0822        0.87773       0.90584       0.89103       0.0068364     1      3      2.1           0.83066   
--- 3601.8186480998993 sec ---
