                                       fitness                                            size                                        fitness_elite                                      size_elite              
                 ----------------------------------------------------    --------------------------------------    ----------------------------------------------------    --------------------------------------
gen    nevals    min           max           avg           std           min    max    avg           std           min           max           avg           std           min    max    avg           std       
0      200       0.47989       0.74294       0.57349       0.081339      1      6      2.99          1.3453        0.66694       0.74294       0.7013        0.023351      1      3      1.8           0.67823   
1      168       0.49836       0.74294       0.60641       0.086797      1      6      2.9179        1.2784        0.65664       0.74294       0.70424       0.022829      1      3      1.65          0.57228   
2      174       0.4841        0.78305       0.61589       0.091661      1      6      2.8895        1.2496        0.6821        0.78305       0.7208        0.022169      1      3      1.85          0.72629   
3      171       0.4633        0.78305       0.63944       0.089098      1      6      2.9677        1.2482        0.70036       0.78305       0.73757       0.023843      1      4      2.05          0.9206    
4      159       0.48075       0.78305       0.6533        0.086493      1      5      2.8054        1.2236        0.70574       0.78305       0.74056       0.02129       1      4      2.1           0.88882   
5      164       0.49206       0.78305       0.68177       0.075088      1      5      2.8595        1.2222        0.70036       0.78305       0.74991       0.022167      1      3      2             0.7746    
6      145       0.47881       0.78305       0.70915       0.052738      1      5      2.6811        1.2524        0.7146        0.78305       0.75419       0.018501      1      3      2.15          0.79215   
--- 3670.9030435085297 sec ---
