simpleImputer('most_frequent');standardScaler();mlpRegressor((47, 2),0.0009828064620035553,0.06617456605842978,'lbfgs','tanh')
Fitness: 2.6951451856211284
Prediction: [ 1.08237315e+00  2.81139179e-01 -2.22485657e-01 -1.18372744e-01
  9.76616871e-01 -2.38682693e-01  3.15235918e-02  1.53402982e-01
  5.16351300e-01 -3.30593849e-02  3.28287699e-01  3.15350483e-01
 -1.40154107e-01  2.46180340e-03  2.20061496e-02 -1.24270841e-01
  2.47205778e-01  2.88851254e-01  3.17191847e-03  3.09121519e-01
  2.93096141e-01  2.65087657e+01  1.89480783e-01  1.50829799e-01
  1.32353246e-01  1.66657114e-01 -3.28704815e-01 -1.28150429e-01
 -6.05810417e-02 -1.20717108e-01 -1.95865656e-02  5.47144656e-02
  3.01373467e-01 -1.52502698e-01 -1.41049589e-01  9.22581293e-01
 -3.23216240e-02 -6.14440459e-02  9.48406379e-03  8.83100230e-01
  1.99820200e-01  1.60640836e-01 -1.33055496e-01  1.71460303e-01
  2.60468549e-01  6.18670663e-01  1.26096813e-01 -3.64039253e-01
 -3.95960085e-01  1.90783192e-01  2.61936553e+00  6.56427233e-01
  1.65195280e-01  3.00138074e-02  1.58594844e+00 -4.83804925e-02
 -3.49759882e-01  2.96688799e-01 -1.06098372e-01  2.88200988e-01
  2.71844968e-01  7.57290305e-02  1.32844990e+00 -2.05106060e-01
  1.85851412e-02  3.37117369e-01  3.95803078e-01 -8.78004577e-02
  1.34572884e-01  1.70357808e-01  4.12740066e-01 -7.75412783e-02
  2.35660244e-01  1.44346151e-01  3.88243012e-02  1.38690404e-01
  1.57711838e-01  1.41792280e-01 -3.65590325e-01  5.64521829e-01
  4.01431924e-02  4.68874548e-01 -1.14104473e-01 -1.32241905e-01
 -3.34708138e-01  1.75652227e-01  3.57413549e-01  1.50059999e-01
 -1.23348177e-01  9.23308435e-01  2.73962762e-01  5.99034430e-01
 -1.06535993e-01  5.52808268e-02  1.54728062e-01  4.68017474e-01
  7.48445632e-02 -1.77599134e-01  2.09794177e-01  2.78509744e-02
  4.00025279e-01  2.07306521e-01 -1.86237525e-01  7.08381465e-02
  1.34686548e-02  4.77008774e-01  3.06841277e-01  1.46261695e+00
  9.39565031e-02  1.13300333e-01  5.89202848e-02 -4.24113273e-01
  6.85742626e-01  9.10180101e-03  2.21226567e-01  5.70520331e-01
  3.31895359e-01 -1.42844250e-01  1.04626299e+00  2.07523550e-01
  8.62188903e-02  2.61640043e-01  1.45767749e-01 -6.74200764e-02
  3.80649459e-01  1.45183304e-02  6.37801870e-01  3.59222735e-01
 -1.74228752e-01  3.98392146e-01  2.76697057e-01 -6.96708195e-02
 -3.60119086e-02  7.22029740e-02  7.91136210e-01 -1.98634367e-01
 -1.11091673e-01  8.27945880e-02  1.46765784e-01  5.88275662e-03
 -7.24775617e-02  2.53304972e-01  4.27934108e-01 -7.84021950e-02
  4.82357202e-01  2.05395558e-01  4.86544495e-02 -1.76989252e-01
 -3.43548900e-01  4.75191626e-01  1.53757747e-01 -2.03221596e-01
  1.57144857e-01 -3.39829889e-02  4.95659422e-01 -1.15945951e-01
  2.62870984e-01  5.59449175e-01  3.39687337e-02  5.57186685e-01
  1.18241142e-01 -9.50067463e-02  2.57901916e-01 -8.86526088e-02
 -1.13848064e-01  6.65687753e-02  9.98225867e-02  2.79723738e-01
  2.56671576e-01  2.93102153e-01  1.55516377e-01  9.71342311e-02
  6.38221486e-01 -3.41017746e-03 -2.46701218e-02  4.05202931e-01
  4.99033707e-01  5.54918016e-02  8.39295338e-01  2.30459764e-01
 -4.24909022e-02  1.08922016e-02  2.51007890e-01  1.51264483e-01
  6.09211502e-01  1.81278589e-01  2.58622729e+01  1.71372159e-01
 -2.03085119e-02  2.18711668e-01  2.71655546e-02  6.43577906e-01
  5.32092104e-02  1.78111796e-01  1.53814575e-01  2.25608396e-02
  2.60137742e-01  6.27172400e-02  1.20894033e-01 -4.90725393e-01
  2.11639039e-02  5.90809080e-01  2.54004251e-01  9.45310567e-03
  4.16018718e-01  1.69930859e-01  4.84010158e-01  5.18256488e+01
  4.02416385e-01  1.07074543e-01  3.45564593e-01 -3.38901421e-01
  1.82574183e-01 -4.41438473e-01  8.72854361e-02  3.98611480e-01
  1.03087692e-01  6.43976078e-01  7.22177081e-02  3.25972557e-01
  3.03411774e-01  4.87755697e-02  1.04335519e-01  1.42998602e-01
 -1.47174221e-01  2.96457548e-02  2.57754774e-01  5.37771052e-01
  2.10891851e-01 -1.65145480e-03  9.32318368e-01  9.41517918e-02
  3.18969733e-01  1.18166971e-01  4.47329846e-01  2.29604362e-01
 -5.47170641e-02  1.96449370e-01  4.98308376e-01 -9.59006464e-03
  4.11295946e-01 -3.18403755e-01 -8.94989858e-02  1.20147588e-01
  1.98870353e-01 -1.53474654e-01  2.54128446e-01 -6.10332497e-02
  3.39214944e-01  5.37695272e-01  2.91425089e-02  3.12249695e-01
 -4.65219914e-02  3.18948283e-01 -4.35870404e-02  2.09528164e-01
  6.24304986e-02  8.09892175e-01  3.27781123e-01  2.90455738e-02
  5.84962341e-02  1.79371761e-01  3.50287962e-01  1.93382661e-01
  1.32773757e-01 -1.34474361e-02  3.40760317e-01  8.27549539e-02
 -8.69936739e-02  2.92419152e-01  5.96588719e-01  9.34816594e-02
  1.40187429e-01  6.56009980e-01  1.15946476e-02  2.58911586e-01
  1.24146666e-01  9.55756836e-02  1.26948633e-01  1.42417130e-01
  1.80665432e-01  4.02774335e-01 -3.06966228e-02  2.99524913e-01
  2.38227323e-02  1.13075010e-01  3.01132755e-01  3.70932785e-01
  4.52780125e-02 -5.32144326e-02 -3.23129041e-01  2.36350666e-01
  7.44610155e-02 -1.96394493e-01  1.26064481e+02  1.15507458e+00
  1.87626968e-01 -7.20402221e-02  2.08222914e-01  6.15186916e-02
 -2.44852664e-02  3.42586214e-01 -9.62542970e-02  2.85168202e-01
 -1.09765391e-01 -1.09280281e-02  9.94924654e-01  6.57297361e-01
  1.69547895e-01 -2.06945744e-03  5.72982625e-02  1.47561030e-01
  1.48396002e-01  9.48715070e-01 -4.40584025e-02  6.21552380e-03
  4.52684187e-02 -4.86806847e-03 -3.62436967e-02  3.01880696e-01
  3.42411008e-02  9.25496784e-01  5.18982399e-02  4.99178536e-02
  7.40277475e-01  4.97487468e-01  5.63974403e-01 -5.55154366e-02
 -3.69560925e-03  4.43619198e-02  5.21346058e-02  2.06214693e-01
 -3.55770511e-03 -2.17471339e-02  1.24243236e-01  4.19987229e-02
 -1.19763266e-02  3.28162607e-01  1.35236782e-02  1.73947359e-01
  1.02748754e-01  3.14854825e-01  5.66610681e-01  4.35105784e-01
  4.00565026e-01  4.47628634e-01  2.72401643e-01  1.90772457e-01
  1.14079269e-01  1.09261783e-01  7.05219506e-03  2.72462448e-01
 -2.26263010e-02 -3.54798330e-02 -1.39596556e-02  3.60249707e-01
  2.27247587e-02  6.42468797e-01 -2.68586906e-01 -6.01456662e-02
  2.62496488e-01  3.01699727e-02  3.72554095e-01  4.33384363e-02
  5.59461749e-01  9.09845134e-01  4.20073687e-01  6.06781682e-01
  1.92977208e-01  3.54380540e-02  3.83248781e-01 -4.79546380e-03
  1.29909185e-01  2.46612739e-02  2.39493387e-01]
