[1/5] ⚙️  Configuration
    - Generations: 200, Population Size: 200
    - Elite Size: 20, Timeout: 3600s
    - Fitness Function: root_mean_squared_error, Maximization: False
    - Output Directory: /hhome/bpicot25/autoML_uco/evoflow-dev-main/pipegenie/metalearning/temp_results/task_360011
    - Random Seed: 42
--- PipeGenie Run Started ---
🕒 Start Time: 2025-07-12 23:09:06
[2/5] 🌱 Initializing evolutionary process...
                                       fitness                                            size                                        fitness_elite                                      size_elite              
                 ----------------------------------------------------    --------------------------------------    ----------------------------------------------------    --------------------------------------
gen    nevals    min           max           avg           std           min    max    avg           std           min           max           avg           std           min    max    avg           std       
0      200       2.6951        1.28e+09      6.564e+06     9.1425e+07    3      3      3             0             2.6951        2.9651        2.8898        0.067451      3      3      3             0         
1      160       2.6951        4.9404        3.2882        0.49339       3      3      3             0             2.6951        2.9117        2.8436        0.051866      3      3      3             0         
2      158       2.6951        4.0234        3.0444        0.22057       3      3      3             0             2.6951        2.8422        2.8141        0.03086       3      3      3             0         
3      166       2.6951        3.9226        2.9921        0.20394       3      3      3             0             2.6951        2.8206        2.7996        0.025823      3      3      3             0         
4      158       2.6951        3.6582        2.9515        0.13961       3      3      3             0             2.6951        2.8089        2.7933        0.023133      3      3      3             0         
5      141       2.6951        3.4632        2.9196        0.12504       3      3      3             0             2.6951        2.7991        2.7853        0.030204      3      3      3             0         
6      145       2.6951        3.8029        2.93          0.16038       3      3      3             0             2.6951        2.798         2.7794        0.035543      3      3      3             0         
7      142       2.6951        4.2796        2.9208        0.21344       3      3      3             0             2.6951        2.7966        2.7777        0.034933      3      3      3             0         
8      152       2.6951        4.0536        2.9065        0.18495       3      3      3             0             2.6951        2.7933        2.7661        0.041076      3      3      3             0         
9      151       2.6951        4.4072        2.9321        0.25825       3      3      3             0             2.6951        2.7919        2.765         0.040454      3      3      3             0         
10     151       2.6951        4.3572        2.9047        0.22108       3      3      3             0             2.6951        2.7907        2.7595        0.042234      3      3      3             0         
11     147       2.6951        3.6763        2.8772        0.14445       3      3      3             0             2.6951        2.7891        2.7591        0.041908      3      3      3             0         
12     152       2.6951        3.4252        2.8729        0.1329        3      3      3             0             2.6951        2.7888        2.758         0.041246      3      3      3             0         
13     147       2.6951        5.2896        2.9018        0.28862       3      3      3             0             2.6951        2.7875        2.7567        0.040332      3      3      3             0         
14     149       2.6951        5.0113        2.9287        0.33205       3      3      3             0             2.6951        2.7858        2.756         0.039897      3      3      3             0         
15     148       2.6951        4.7362        2.8841        0.22635       3      3      3             0             2.6951        2.7847        2.7558        0.03971       3      3      3             0         
16     129       2.6951        4.0344        2.8884        0.19098       3      3      3             0             2.6951        2.7844        2.7511        0.041072      3      3      3             0         
17     145       2.6951        5.1289        2.9364        0.37766       3      3      3             0             2.6951        2.7813        2.7507        0.040782      3      3      3             0         
18     138       2.6951        4.3572        2.8866        0.21895       3      3      3             0             2.6951        2.7813        2.7507        0.040756      3      3      3             0         
19     129       2.6951        5.3004        2.9336        0.44466       3      3      3             0             2.6951        2.781         2.7506        0.04073       3      3      3             0         
20     149       2.6951        5.4983        2.8852        0.31853       3      3      3             0             2.6951        2.781         2.7506        0.04068       3      3      3             0         
21     155       2.6951        5.9294        2.8801        0.35006       3      3      3             0             2.6951        2.781         2.7463        0.04176       3      3      3             0         
22     162       2.6951        34.665        3.0943        2.3948        3      3      3             0             2.6951        2.781         2.7462        0.041689      3      3      3             0         
23     137       2.6951        5.949         2.9079        0.41911       3      3      3             0             2.6951        2.7806        2.7461        0.041632      3      3      3             0         
Timeout of 3600s reached. Stopping evolution.
[3/5] ✅ Evolution finished.
    - Saving run results to meta-knowledge base...
[4/5] 👑 Generating and evaluating final ensemble...
    - Ensemble models and weights saved to `ensemble.txt`.
[5/5] ✨ PipeGenie run complete.
🕒 End Time: 2025-07-13 00:16:06
⏱️ Total Elapsed Time: 1:06:59.885510
--- End of Run ---
